n=1000::36 33 8 31 26 32 12 32 42 57 43 33 73 20 19 48 21 5 54 53 10 14 51 37 46 45 26 47 4 42 62 49 80 44 29 54 30 19 50 23 73 16 53 18 32 61 13 33 27 37 
n=2000::24 58 13 61 122 75 24 43 31 88 46 22 37 81 100 54 107 95 86 66 33 64 46 62 106 57 49 92 72 69 33 31 51 61 28 67 83 43 28 25 25 83 66 67 57 57 44 9 54 76 
n=3000::33 133 64 147 82 89 81 60 40 69 22 37 33 156 83 69 63 41 122 58 72 55 35 40 124 85 44 139 84 44 105 185 47 15 50 36 54 125 44 78 75 70 13 106 117 73 59 132 17 21 
n=4000::15 32 71 107 14 129 100 125 49 68 121 50 66 88 39 44 93 58 55 125 110 28 88 22 46 44 17 181 97 22 67 134 76 14 59 84 29 115 26 163 92 93 24 76 105 41 123 71 73 44 
n=5000::128 110 132 11 110 123 21 144 72 81 42 100 153 95 102 9 48 67 84 59 106 31 73 266 83 80 200 74 60 88 111 49 111 103 72 80 57 28 132 62 63 63 117 70 59 116 12 215 46 80 
n=6000::70 114 22 170 90 103 153 61 104 39 81 106 181 157 122 82 136 98 62 67 76 35 82 129 47 121 18 103 179 104 176 22 155 163 41 91 101 59 155 111 177 77 124 227 155 48 123 108 151 124 
n=7000::151 77 141 57 248 67 95 130 135 58 63 68 150 73 66 174 89 104 75 143 81 193 257 30 116 156 149 121 93 127 58 187 113 80 188 92 113 104 101 136 104 132 210 90 132 130 84 120 130 132 
n=8000::54 112 96 43 106 203 110 46 160 75 85 83 168 151 215 92 64 103 37 162 84 142 108 144 73 35 64 90 164 103 125 85 96 110 55 34 126 102 193 133 23 51 63 178 53 78 262 36 33 143 
n=9000::85 81 213 112 121 144 158 267 292 49 88 148 100 69 19 152 196 71 129 93 103 78 159 262 26 76 35 199 62 243 247 194 86 80 216 131 243 252 113 179 88 72 93 37 126 119 79 138 154 173 
n=10000::104 39 108 88 149 206 132 276 73 154 302 303 244 112 88 168 209 26 181 78 225 148 234 191 146 118 110 185 79 41 76 194 92 141 35 111 141 141 168 52 171 56 82 109 136 164 189 250 142 102 
n=11000::125 92 170 77 57 91 62 142 178 219 186 210 77 90 26 95 146 213 145 97 226 98 169 47 204 151 28 165 83 135 58 168 95 52 178 181 72 104 89 157 164 49 217 56 226 195 223 105 134 182 
n=12000::92 44 50 108 150 122 148 177 160 160 37 273 99 91 51 181 61 96 181 43 129 84 92 27 213 228 21 107 188 196 26 202 151 241 182 218 48 76 74 184 120 208 198 274 252 292 97 151 99 255 
n=13000::204 251 103 385 217 73 53 72 138 90 242 249 270 46 150 34 212 175 194 121 115 102 117 77 94 193 265 252 148 248 153 153 44 208 207 81 102 183 99 130 161 96 46 150 164 321 212 59 107 192 
n=14000::113 144 289 137 164 91 186 178 104 156 185 265 137 235 128 351 99 134 224 189 163 246 214 122 95 194 292 304 132 142 90 214 200 133 248 40 162 164 78 100 10 245 43 143 217 100 233 95 55 40 
n=15000::262 102 114 150 136 27 56 61 23 159 8 95 57 328 176 297 85 247 173 69 27 225 202 174 231 118 133 49 107 148 194 299 186 185 255 168 132 294 147 90 116 104 191 154 58 97 181 140 275 78 
n=16000::152 99 161 214 245 87 182 249 149 40 107 123 191 165 128 128 204 105 95 30 215 42 139 238 107 158 208 112 141 159 154 134 66 204 260 97 114 180 185 157 107 63 121 249 48 168 132 214 88 111 
n=17000::247 199 179 89 128 210 221 352 195 48 150 19 218 107 220 477 105 66 94 59 81 295 241 184 259 117 198 139 197 164 141 298 227 188 232 200 86 28 164 217 198 257 206 166 49 125 179 136 113 164 
n=18000::133 194 71 210 115 133 129 93 244 132 297 117 174 218 155 172 62 44 343 256 195 177 345 45 143 160 257 49 177 153 248 218 248 241 197 58 237 102 86 279 301 509 28 92 125 173 66 320 236 102 
n=19000::129 210 142 138 188 133 97 279 103 157 257 165 170 86 289 274 110 206 304 175 104 144 61 205 207 214 152 48 49 72 66 6 295 217 165 199 247 303 94 177 104 74 164 34 65 137 190 213 156 220 
n=20000::88 150 53 118 100 159 133 109 169 55 77 88 324 97 169 103 175 175 120 31 166 133 190 163 73 234 375 266 294 359 72 175 277 257 228 253 182 91 234 163 331 102 109 194 130 231 40 226 247 219 
n=21000::135 179 171 233 183 225 434 286 261 138 189 274 187 227 111 158 146 324 432 111 72 86 364 223 297 292 265 413 209 82 124 167 177 56 331 210 78 117 380 304 142 284 201 145 194 120 265 303 259 161 
n=22000::105 190 236 211 13 339 385 234 158 255 228 193 126 377 200 220 195 311 129 233 197 195 206 189 239 152 184 325 361 177 381 203 85 132 173 98 46 164 346 94 179 99 57 100 187 216 178 220 78 173 
n=23000::59 165 240 405 310 134 103 341 181 239 363 188 55 168 250 43 158 104 339 229 360 89 85 193 185 89 190 230 113 89 58 355 49 244 239 93 248 377 251 201 288 127 82 345 116 331 268 87 78 216 
n=24000::249 138 222 250 265 142 234 547 286 434 194 198 196 216 142 123 147 219 215 139 338 279 246 56 77 113 282 80 142 59 239 124 335 159 150 80 119 307 132 394 316 36 281 86 193 139 131 275 421 148 
n=25000::315 47 301 165 331 402 121 120 126 177 135 154 309 132 84 127 107 301 154 258 185 89 175 178 201 100 306 172 197 74 362 217 344 323 261 176 255 137 134 280 132 53 136 191 257 177 186 240 271 138 
n=26000::321 80 409 232 201 288 57 325 351 255 367 325 351 334 455 94 216 92 37 62 117 84 260 166 91 261 91 194 195 342 328 364 76 118 288 142 179 141 48 171 43 183 225 172 403 98 190 150 208 150 
n=27000::37 173 353 167 366 169 53 327 270 292 228 274 24 85 529 320 366 210 330 301 199 294 405 59 245 513 279 183 70 229 266 108 187 139 138 121 51 76 242 280 91 218 69 417 275 159 233 510 127 152 
n=28000::160 275 362 112 246 308 152 205 167 69 90 67 122 70 216 411 362 217 140 123 116 282 58 292 75 163 265 204 527 149 123 220 170 70 271 303 480 160 243 550 205 156 41 165 532 123 449 137 107 88 
n=29000::111 152 356 251 287 160 132 281 452 175 215 42 233 149 99 385 290 262 137 227 225 278 383 148 314 305 56 148 161 117 263 197 329 78 81 203 161 113 261 265 55 129 76 104 363 341 228 274 327 266 
n=30000::195 400 151 263 479 186 211 58 217 217 99 106 86 95 263 280 402 165 176 257 279 247 461 75 134 445 128 143 435 240 119 109 194 389 277 320 152 469 214 107 90 209 219 129 244 314 235 190 225 310 
n=31000::99 124 85 421 166 196 289 108 164 493 420 154 365 144 188 395 131 444 367 384 160 149 359 369 314 278 132 182 202 132 175 82 155 232 187 459 68 328 150 344 196 85 226 147 242 340 279 142 111 264 
n=32000::135 160 92 243 181 460 334 177 167 276 143 157 256 175 114 186 308 240 203 275 372 127 360 209 188 189 268 394 199 183 332 82 132 143 315 196 258 118 228 169 506 308 334 331 153 146 169 228 95 86 
n=33000::234 189 364 376 218 241 181 87 189 377 390 38 304 248 141 397 275 41 390 214 374 309 46 137 30 117 404 198 154 356 200 361 128 186 110 265 463 190 129 324 70 176 67 157 114 131 214 197 222 125 
n=34000::310 88 476 149 248 192 337 564 309 171 313 233 225 164 55 148 181 272 251 374 319 306 305 587 105 95 202 148 139 36 233 152 103 219 334 242 112 91 396 366 289 237 103 284 111 140 183 60 261 177 
n=35000::224 316 345 305 52 233 111 346 487 363 480 181 124 380 169 49 603 298 156 694 456 181 303 332 28 231 164 458 175 528 33 210 354 376 122 96 353 372 170 192 335 281 259 291 195 231 138 184 406 355 
n=36000::196 143 302 97 453 430 259 250 278 296 208 301 114 261 135 64 26 178 446 392 334 618 343 279 133 193 66 188 96 243 372 212 237 234 334 362 351 80 265 203 233 196 74 362 49 318 44 266 279 173 
n=37000::114 444 427 155 373 108 470 103 169 54 445 193 129 389 442 144 535 404 121 264 276 244 175 189 131 177 183 212 384 181 277 337 271 192 407 470 463 178 372 145 253 292 180 366 310 284 263 661 98 303 
n=38000::89 213 146 562 143 70 77 152 187 613 132 186 62 123 387 101 354 209 267 170 121 146 473 311 320 90 325 102 386 281 60 229 202 140 212 214 198 294 175 248 559 588 317 140 216 220 215 418 233 416 
n=39000::442 371 359 387 370 317 103 157 288 176 417 326 306 160 71 273 311 271 351 285 143 233 308 468 68 306 360 436 463 60 214 270 307 201 210 199 172 123 94 209 94 136 363 71 259 140 215 331 149 224 
n=40000::409 165 266 301 459 82 440 210 170 180 427 545 479 164 184 30 309 55 221 415 364 685 34 237 206 134 356 132 157 345 196 214 179 591 113 629 230 173 450 170 105 85 591 148 281 394 190 175 166 374 
n=41000::261 251 499 79 384 430 397 211 146 299 321 402 113 115 240 162 228 223 119 104 51 276 345 380 107 277 266 478 176 156 287 246 185 309 246 170 180 300 314 141 373 486 604 177 304 567 303 300 75 222 
n=42000::329 119 143 132 156 101 219 44 259 265 388 229 236 390 200 528 111 234 461 236 156 139 74 178 271 83 510 238 170 319 142 171 268 202 165 124 131 94 327 193 92 235 227 519 107 185 285 371 215 338 
n=43000::87 336 300 382 92 481 407 517 286 359 359 173 437 176 111 283 391 287 272 217 176 506 75 153 249 356 392 231 227 166 141 427 261 305 32 138 235 478 212 267 606 375 551 199 403 398 390 47 96 189 
n=44000::124 388 298 463 141 281 152 124 142 136 39 381 214 409 273 66 418 285 138 95 337 83 308 374 262 366 222 359 94 346 116 40 75 119 387 455 222 278 439 90 353 278 313 385 123 197 386 258 330 237 
n=45000::206 187 309 222 292 151 270 458 446 442 134 225 128 405 31 130 148 132 138 184 82 308 403 192 84 100 432 203 121 244 292 426 157 695 258 440 434 105 233 61 178 165 123 216 210 332 294 300 389 530 
n=46000::138 359 77 103 282 165 255 204 262 384 389 138 172 332 459 506 109 286 252 229 102 94 391 249 152 363 92 302 135 189 58 354 313 33 134 428 166 456 141 212 315 234 211 169 90 159 330 309 221 271 
n=47000::233 360 249 168 638 110 316 251 413 214 271 406 503 119 193 22 640 95 115 113 202 193 212 477 617 491 70 382 262 426 120 171 478 369 118 270 241 101 476 283 221 574 60 66 19 95 182 213 168 199 
n=48000::537 161 421 309 178 608 120 355 268 317 280 347 379 186 255 309 178 72 148 711 628 195 418 345 274 261 124 498 364 533 89 89 337 510 111 437 85 191 159 188 123 455 120 138 32 379 355 406 18 448 
n=49000::283 499 202 293 319 560 290 400 394 372 246 290 659 226 426 71 178 157 443 302 224 248 128 394 279 291 187 623 243 152 229 165 141 95 252 378 297 242 86 310 134 352 179 460 229 192 104 335 476 543 
n=50000::239 508 249 152 138 24 156 98 220 190 207 238 270 145 282 389 111 174 209 346 325 390 374 217 48 198 249 31 427 165 340 370 311 282 410 259 72 108 187 178 77 130 132 144 625 473 456 60 248 537 
n=51000::109 234 415 320 122 43 231 435 274 291 423 327 96 141 694 320 312 539 97 438 290 212 188 311 224 261 282 230 650 502 229 103 151 265 274 361 638 127 296 260 369 269 221 264 164 196 94 418 470 300 
n=52000::395 493 186 206 199 206 124 73 233 478 176 298 169 446 235 111 89 450 349 466 309 356 317 255 243 270 110 400 763 364 502 443 150 367 147 321 253 328 590 204 160 281 224 363 606 138 314 359 182 179 
n=53000::179 398 302 475 352 251 235 143 90 281 233 400 362 304 478 286 444 392 478 183 413 163 227 82 219 291 472 354 492 447 212 493 632 421 235 489 308 479 157 302 436 99 282 319 492 113 449 459 226 324 
n=54000::244 375 170 590 248 395 65 384 208 409 157 124 74 76 298 302 601 355 140 201 56 494 618 484 252 114 473 243 138 262 743 240 283 418 374 272 224 289 239 503 182 305 449 314 174 170 243 387 324 248 
n=55000::549 146 176 310 292 230 503 520 51 419 262 77 275 436 213 208 187 527 96 156 226 316 493 182 330 288 26 217 417 436 693 161 179 305 291 256 442 84 577 394 319 356 110 665 129 445 26 258 111 250 
n=56000::441 195 247 244 302 614 442 351 130 268 297 258 329 213 192 256 210 390 352 587 269 329 368 289 305 373 199 346 483 115 121 215 233 126 233 290 462 158 61 331 513 316 183 150 519 121 126 164 122 501 
n=57000::162 405 707 320 521 259 644 276 63 283 95 290 360 367 132 202 276 633 106 91 210 350 536 174 500 255 548 432 178 349 525 388 293 146 244 284 194 356 275 126 598 87 307 218 586 174 469 463 189 589 
n=58000::333 191 350 280 354 392 331 585 308 247 312 249 202 228 424 198 240 62 252 209 499 275 397 367 288 548 619 404 70 357 331 65 403 314 276 570 94 347 278 111 140 462 450 171 164 227 310 546 409 232 
n=59000::512 399 436 215 157 559 243 34 155 352 312 217 355 102 257 639 346 338 496 248 348 140 456 239 408 399 203 772 220 409 456 378 277 320 262 348 639 361 157 411 466 226 428 360 147 213 137 137 358 235 
n=60000::228 258 387 346 478 176 108 463 149 525 441 322 59 254 533 201 275 102 482 416 160 259 476 325 370 343 664 566 475 310 77 372 97 372 510 265 347 550 407 333 133 257 151 405 205 557 198 524 103 210 
n=61000::449 456 201 182 376 418 360 214 239 547 73 366 73 439 230 343 741 428 755 165 204 222 499 174 887 469 436 336 204 285 390 255 394 331 565 179 313 476 20 164 158 423 391 416 453 351 448 365 193 310 
n=62000::337 158 294 481 351 206 387 337 283 139 340 315 217 470 358 249 278 257 177 524 301 259 157 236 159 653 464 293 94 757 561 338 361 307 129 396 112 418 316 281 185 308 641 164 689 251 398 667 233 305 
n=63000::226 308 536 547 137 680 207 50 291 386 317 599 483 657 186 450 288 63 518 388 277 80 587 595 139 93 177 293 395 35 327 305 249 475 344 562 200 25 103 18 435 369 236 88 34 276 225 304 343 239 
n=64000::177 211 944 599 452 86 564 664 359 283 133 144 406 285 548 215 318 405 286 174 491 281 107 194 509 629 278 339 438 218 370 94 70 105 543 336 166 300 193 342 453 314 526 332 392 400 521 366 133 199 
n=65000::271 191 451 129 291 90 161 534 309 286 553 356 109 196 222 407 270 633 226 295 509 968 142 223 374 526 587 139 310 202 180 350 181 235 158 198 161 400 404 210 323 562 232 130 324 410 489 290 479 123 
n=66000::257 285 44 239 174 624 109 155 126 238 184 316 117 382 560 224 497 430 269 333 671 425 191 190 366 513 477 396 243 188 330 130 58 138 123 292 295 269 284 319 105 138 224 552 276 370 222 550 164 537 
n=67000::219 296 225 291 194 26 570 127 236 478 499 138 251 563 63 93 472 629 130 128 432 339 742 173 379 251 517 169 244 718 562 183 543 228 283 37 372 468 282 716 465 511 306 145 243 267 249 109 471 599 
n=68000::206 286 319 432 361 264 167 169 198 81 166 261 587 78 440 373 190 640 678 602 447 468 345 126 16 408 683 775 64 221 549 131 276 391 432 87 322 346 498 485 776 505 367 488 213 457 231 260 253 390 
n=69000::184 322 116 204 148 292 449 351 288 263 255 443 231 575 121 244 226 540 258 393 461 316 868 475 599 252 527 148 217 226 232 466 589 288 306 411 412 293 476 37 417 679 101 241 281 148 444 241 189 9 
n=70000::137 531 605 178 117 441 252 159 329 552 553 300 390 493 362 390 370 61 98 394 531 569 154 474 418 506 316 324 189 274 221 239 293 483 448 141 432 492 131 611 205 621 115 134 625 303 502 221 535 541 
n=71000::82 355 310 69 418 168 289 584 718 563 486 194 670 324 273 536 183 452 153 305 492 306 485 652 218 171 632 329 285 280 409 172 259 246 202 269 391 241 343 530 405 136 141 675 53 340 429 520 370 108 
n=72000::272 296 203 414 356 132 860 302 80 168 65 168 241 432 357 182 378 211 103 482 241 208 337 665 206 281 197 386 299 182 96 86 649 185 182 422 47 352 602 175 562 445 429 370 554 215 151 433 147 565 
n=73000::300 567 216 585 305 556 389 233 82 11 324 402 207 105 111 368 935 507 82 288 231 693 398 352 96 87 129 243 281 404 272 311 203 411 303 303 583 494 351 553 475 357 583 255 330 473 215 516 501 350 
n=74000::630 459 255 229 40 405 302 253 117 117 681 472 49 212 317 81 299 102 193 495 191 774 445 410 515 454 569 255 400 85 256 332 322 159 233 310 238 507 272 627 374 137 299 644 173 142 74 383 594 309 
n=75000::508 442 152 493 143 362 87 462 434 422 322 218 205 48 729 197 132 331 413 287 405 485 214 587 186 480 478 179 372 215 481 545 289 549 269 289 407 111 736 304 480 40 514 450 425 37 196 458 339 360 
n=76000::303 126 167 88 220 820 586 396 79 208 223 328 353 67 869 409 557 279 226 519 86 207 275 227 552 241 566 653 460 281 486 290 293 607 177 218 105 582 311 514 392 520 233 231 201 279 532 249 354 147 
n=77000::326 691 374 293 700 271 26 347 220 310 515 306 291 403 192 606 154 382 296 521 323 390 268 324 482 627 502 627 517 162 399 453 541 115 331 8 461 199 348 377 409 695 125 350 511 633 465 191 698 567 
n=78000::317 179 425 531 277 408 301 315 107 314 162 198 187 454 388 420 199 407 85 435 127 138 112 411 488 456 350 525 325 162 166 472 309 524 185 145 88 595 224 597 116 126 751 359 372 350 320 568 331 393 
n=79000::574 581 196 155 168 518 583 485 274 545 416 312 448 333 199 400 204 254 262 579 553 163 152 166 339 809 352 323 280 140 656 162 174 273 618 122 433 249 205 84 351 484 257 281 214 150 517 834 477 261 
n=80000::320 256 351 109 559 378 446 253 384 358 282 139 54 321 339 330 483 415 544 167 142 164 122 70 276 464 152 515 228 118 308 799 132 232 362 839 99 469 257 260 334 156 464 157 55 450 78 281 306 450 
n=81000::93 133 595 319 721 374 295 67 622 92 128 274 564 135 526 147 271 384 200 442 981 396 459 193 835 490 398 369 584 208 530 440 219 225 328 297 319 289 684 515 555 480 248 345 457 172 833 62 257 578 
n=82000::274 740 688 100 402 571 112 320 312 573 482 200 225 346 574 399 350 759 784 518 166 498 473 348 172 358 54 289 173 454 384 273 876 582 600 253 394 488 186 438 466 743 458 446 530 193 69 136 319 357 
n=83000::431 432 569 442 397 493 383 196 345 284 376 258 470 318 314 119 700 385 133 314 470 254 304 539 250 711 23 461 182 367 432 672 296 298 431 349 195 193 441 414 459 588 300 290 342 213 457 157 289 194 
n=84000::276 279 179 293 497 591 252 146 775 193 201 390 589 93 196 195 359 236 540 603 211 396 370 677 228 283 269 550 298 141 401 391 178 196 461 455 255 128 451 469 298 235 474 348 69 197 408 397 460 226 
n=85000::523 492 688 126 254 311 539 267 249 434 108 515 475 121 334 175 79 175 485 362 193 400 219 61 352 312 649 50 290 399 364 219 237 593 562 111 266 317 444 364 489 549 204 261 345 404 403 541 464 392 
n=86000::89 202 378 101 207 300 307 897 263 571 199 590 576 519 126 578 771 52 233 617 553 349 478 407 594 497 111 652 589 299 485 323 185 481 215 383 193 424 349 440 645 331 251 160 93 241 391 324 230 254 
n=87000::313 298 448 468 247 82 557 307 568 276 166 471 687 366 209 361 191 489 368 140 321 424 479 155 277 358 517 175 534 206 231 95 112 356 522 254 609 404 499 183 28 151 456 281 699 270 171 208 749 765 
n=88000::428 267 632 723 516 430 173 322 147 134 237 551 332 114 511 484 642 925 399 269 454 318 355 297 154 759 410 388 202 262 313 252 394 950 505 748 207 400 361 134 525 221 615 219 325 531 292 521 585 529 
n=89000::209 574 410 206 324 247 158 599 394 312 448 396 374 192 254 274 341 641 392 201 473 564 603 560 508 313 326 851 532 593 666 675 384 774 281 452 405 261 219 460 173 482 629 229 341 287 476 367 155 267 
n=90000::160 501 459 220 422 587 182 518 627 692 418 451 203 679 606 316 162 751 388 169 431 226 553 52 668 303 633 401 217 309 318 251 612 546 331 837 257 761 369 79 400 367 708 372 566 589 337 294 540 358 
n=91000::352 441 350 471 534 179 760 58 534 28 422 149 406 361 454 111 257 126 230 68 669 180 176 244 424 187 414 157 324 425 165 687 250 543 516 231 354 675 631 375 581 473 284 444 671 294 652 544 86 351 
n=92000::444 647 339 263 94 606 504 648 386 505 312 602 295 151 312 331 311 428 669 476 354 168 472 111 215 339 140 498 721 557 296 622 518 517 338 358 426 602 262 338 566 749 521 217 69 593 228 360 359 150 
n=93000::528 429 668 455 472 344 556 590 280 712 98 313 704 454 517 28 427 252 149 383 448 791 152 283 168 158 318 292 151 83 452 284 152 210 392 593 322 372 554 423 144 236 324 175 697 113 285 342 262 414 
n=94000::361 648 255 247 590 251 509 214 778 282 271 469 373 236 445 336 326 426 618 177 139 334 362 527 307 55 886 236 488 236 610 421 619 333 237 274 696 500 244 533 346 461 680 313 599 578 433 601 395 525 
n=95000::458 378 527 73 238 278 379 721 54 389 419 506 156 351 506 586 342 73 196 201 256 622 75 300 347 490 614 160 431 355 175 645 410 164 201 277 475 159 637 864 486 104 698 220 240 477 309 276 482 370 
n=96000::316 730 341 444 390 165 234 529 538 502 368 657 213 943 89 262 372 380 164 144 102 584 127 95 449 807 548 873 339 491 159 339 551 344 413 136 190 454 283 541 356 406 459 527 367 446 473 172 703 468 
n=97000::195 305 361 574 642 448 714 311 392 421 369 218 138 188 505 460 441 197 513 164 421 168 295 55 728 541 497 540 1009 52 460 429 326 362 515 443 454 544 600 280 101 343 897 331 633 559 672 276 459 75 
n=98000::297 345 93 390 297 355 231 429 315 253 245 624 276 250 731 174 234 908 480 156 531 354 239 482 238 258 162 695 68 92 445 137 228 343 329 354 480 165 771 343 164 122 520 513 292 428 622 830 352 315 
n=99000::611 920 228 345 68 463 786 366 190 388 744 262 411 420 286 393 829 265 184 374 909 266 425 342 180 340 249 527 390 395 245 613 215 629 350 463 557 656 287 310 303 117 217 89 699 498 785 396 611 50 
n=100000::139 403 129 471 236 405 357 135 52 469 58 89 218 443 426 654 326 329 638 156 365 619 181 572 239 476 687 302 627 456 249 575 28 338 438 270 293 485 169 698 125 215 198 344 582 403 167 107 193 412 
