n=1000::7944 7782 6788 6456 8005 7595 8314 9344 5229 7025 7536 6230 8229 8016 11371 5735 5602 7456 6489 7903 7069 6332 5497 7992 5485 7818 6619 6539 8839 5833 8488 7116 9986 7527 6156 6906 7531 5954 7375 6765 7132 10097 7108 6794 6197 7384 7161 9072 6987 9183 
n=2000::12997 16088 14335 13866 14634 15689 16117 17601 17444 13813 20719 13225 16098 17323 18770 15308 17499 15846 16266 18258 15288 17603 16683 15513 15252 15459 17920 16007 17716 15997 14105 16218 18895 17276 13286 15656 18880 17013 15799 17485 15634 14956 17127 15463 16317 17497 18543 14016 15801 14129 
n=3000::28620 22679 20801 25823 25576 28277 29403 25668 25021 25090 21258 26650 24136 24904 32507 26596 35205 30314 28780 29193 29659 27429 32339 24143 21510 30365 31257 23731 25690 22321 22106 25701 19399 22117 27497 20386 28526 22907 25781 27594 25334 27246 22865 21291 22586 25983 27083 24003 22326 25872 
n=4000::43434 29578 29051 40584 35391 42099 31930 36149 38327 41647 27464 39341 33010 39961 29892 33292 36726 34944 38328 41016 30018 34968 31315 31616 38389 34866 44494 36195 35448 33426 37283 32272 35969 36821 33220 28568 30173 46567 47955 30735 31971 35138 27828 31578 31854 34062 33679 27610 39064 38953 
n=5000::60009 44530 38243 42176 51343 46041 32067 42631 50072 44257 42008 53310 45187 38825 46371 46268 38640 45916 36836 42872 42594 40567 47776 39683 45380 43275 40456 41252 47558 47261 43929 42317 42790 48373 44085 38312 45116 44465 48440 60970 52455 39778 48103 54498 46221 46948 41676 36195 37062 41185 
n=6000::47397 78913 64622 54215 51133 46987 57834 44945 52267 45915 54482 39364 56175 54648 51692 64464 46940 53275 50670 55053 49229 55239 53901 46595 57350 57486 54868 42745 44346 56343 46837 44515 76743 51399 71529 52953 58180 55500 49554 45479 55107 46115 83773 57234 51640 66791 53078 62709 51403 53999 
n=7000::56172 65852 56862 77858 57068 61378 66600 68026 73098 60059 58105 60242 62626 78945 61559 67671 93771 74807 70301 64360 68577 69931 60274 68595 55633 63674 81555 82200 63835 65779 60307 60619 78139 58259 72258 63990 66367 64916 65421 58044 59463 62329 60421 65897 59661 67922 68778 70522 57883 56230 
n=8000::78486 68412 90811 78298 79401 98728 86216 64916 81344 106724 74337 72234 73005 80254 78655 67138 76111 65866 96166 78472 69201 77943 76989 66814 71441 75642 84901 77020 71788 75052 85066 66926 77786 107693 65622 65918 98812 76449 86588 68204 89672 86218 64802 71682 77050 79716 72674 105912 59478 102327 
n=9000::83891 86862 104221 77097 107402 75003 81155 92020 90663 79300 89155 70647 74797 92296 70081 102394 77900 88085 89939 86208 101655 91872 88430 82018 85183 117224 80038 71322 76989 136781 88330 79958 94963 77878 78637 96693 80442 77174 104254 106560 87561 88559 91698 75295 85142 85873 77133 77602 93171 90334 
n=10000::98565 117773 87434 94181 87198 102013 112376 93190 110047 97134 169804 89278 87216 100768 94601 103370 98700 89491 89094 103599 89715 85583 99365 100294 89390 92456 78661 96083 83566 82914 101095 80372 90524 120543 91277 77309 102689 97858 86095 100416 96612 115470 108883 82545 88252 114251 89702 93360 93232 103767 
n=11000::86871 112620 95142 107245 104505 89576 93603 113027 98181 157827 86436 114895 85175 95301 111848 103594 117370 97599 136549 93575 99037 113506 115840 139123 121183 116790 111077 100252 108065 113468 119489 106985 113963 115260 87927 107547 105508 108465 140392 112698 119712 114731 100189 120509 130478 111210 96327 108639 123802 104315 
n=12000::138954 146033 92262 104089 104713 119770 116493 149330 106027 106782 128827 131940 96269 123172 107708 120137 125140 118918 144324 112249 119448 141044 120501 137776 108674 123495 119870 124287 102742 115095 112008 122618 101442 135743 123665 137386 125876 132908 104713 102964 133690 115393 110683 128745 117477 97741 145579 111821 143359 111130 
n=13000::152113 131367 159786 133211 108860 117375 149063 116129 122440 120008 115964 145335 113277 123116 134545 114948 152731 123288 134929 128520 121564 144013 121800 127702 113131 142187 138848 114116 119919 147718 172185 135804 144814 121406 138365 110189 141486 107066 140974 125393 178893 120759 108555 149379 147222 151280 129903 124979 121101 114069 
n=14000::136457 127726 145697 139486 171097 114552 133770 114800 152681 142625 143154 133644 130181 154115 140475 134205 121896 138943 131451 121935 128876 147525 144783 137718 159108 112702 128027 153263 131857 138272 146194 118725 144658 133323 120626 159283 152179 173575 138481 122815 128679 138898 130726 169148 129084 184065 123138 144632 126825 114474 
n=15000::130328 157335 172279 146587 169997 169379 164192 179063 148971 166822 160985 166751 125275 153160 146725 133647 149877 163144 137825 141684 144055 125841 133995 131453 146207 136315 134184 136328 178453 154406 135817 201864 140513 156910 133438 164148 123139 146084 129789 145229 136013 130368 200504 148270 145211 139490 146088 126798 148083 134969 
n=16000::172078 203032 176746 137249 143777 178201 211055 138539 151741 154177 131801 146748 149707 147752 150552 128970 200153 166522 155857 137669 152741 200714 183338 153236 174750 144609 159758 155303 169597 158800 170267 126505 149625 151809 174291 179601 201248 164884 146199 165557 152038 143254 165561 162125 142713 161756 163462 143093 154437 162206 
n=17000::179013 164596 219820 178107 197043 171129 160082 191407 198133 190640 151934 188185 208395 146010 158230 185893 141966 142075 167453 211547 154766 166634 181849 174110 156666 152787 180243 160874 167558 153993 199009 192143 195259 245170 149984 158721 182663 183937 168560 227486 173070 160817 179373 170486 170797 178145 158334 155871 148058 181856 
n=18000::167120 224685 186760 229406 203717 162450 194746 293435 232024 162296 170963 181716 217867 173313 149615 246880 181645 212987 208745 234980 187335 188291 158576 200786 208436 199116 181343 267339 191031 166037 154494 159855 225957 205637 182460 199952 168173 184163 171752 204870 147052 182591 187765 230417 174840 155731 206104 175723 184407 166804 
n=19000::188047 187884 306903 187594 189685 231204 216130 190602 195841 205580 274773 196020 220414 172614 213748 185002 178617 178659 178084 185226 183090 216484 211485 191576 187967 216967 234374 224696 177836 198224 203619 192673 195138 201837 178725 219705 244141 184067 186773 223339 242443 216670 232581 174740 239405 171570 199759 186542 220413 186489 
n=20000::182715 226463 194899 190787 216451 188133 183725 186253 205668 229217 181156 207677 207747 230697 230299 227462 249276 226043 244574 205173 216014 206068 230034 240849 198514 192809 202402 199279 250614 225868 180057 215812 242356 198192 156694 246809 215734 203701 198406 178672 183638 211266 189883 195584 186848 200654 210389 207305 186155 262700 
n=21000::206140 239492 191793 251975 200134 204331 216744 220240 198499 236867 266551 201773 209404 238875 186461 197751 236827 207137 185361 216329 188970 204387 179536 215667 241701 199013 220163 212037 202127 212516 205528 230563 222320 224611 231760 202937 197127 207620 208896 208889 253269 230587 215190 210482 229552 242731 192176 289307 225108 245177 
n=22000::221339 248831 219751 309533 213096 211909 186630 207318 215522 228527 226932 202019 213798 230149 225129 222682 252052 214756 255113 265507 215008 217038 178969 252148 228014 209560 201452 227440 211366 246102 229264 246594 252488 255444 215947 201372 207911 224762 233681 263530 247057 215542 239524 205416 215434 225431 223165 270523 254343 239636 
n=23000::214998 239710 231191 239613 242484 226644 205382 240373 251082 230109 233475 245586 234526 218161 259185 232418 289483 224749 233561 242610 288739 239009 219134 247090 234572 195233 258200 256407 237688 301214 219470 202298 209651 207510 217573 254607 223385 240729 226700 291309 239866 239808 257804 251393 242131 262352 244550 249030 268451 253561 
n=24000::289877 270870 263813 277418 205830 266656 210284 359770 280502 226293 283342 371282 257245 252671 258277 232358 224995 217134 230961 261084 254479 238448 249717 262765 256883 259569 298358 252741 249686 238133 272815 248480 240742 219129 231962 252408 258006 264126 283189 257513 345297 326688 256224 284742 225001 234420 236312 218953 220356 262997 
n=25000::248642 228376 281746 253566 243281 277141 331503 233896 355737 284644 269328 258700 230751 258716 274564 234500 310582 220568 244322 321765 250078 255296 251356 242990 225257 251241 255997 232656 306768 384439 246378 261291 347756 275240 254169 255241 274134 254538 225219 278368 286508 249812 231170 239852 230949 233201 309468 247282 255833 292105 
n=26000::287960 231945 300203 257845 308480 289132 230656 332896 299849 312088 288850 270555 283943 297814 241911 273131 260794 260880 241458 245556 255494 281744 267814 240782 284148 262267 302195 302360 268407 270340 264504 310219 300661 283655 275059 331087 246377 340085 259368 246694 226724 255211 255852 274212 252062 259238 355150 241501 282199 285659 
n=27000::253706 255527 300744 341033 298594 253571 360984 303769 264991 355084 301201 270360 265573 309382 262864 282246 259161 249044 281968 287054 315947 259056 284683 319490 260904 335373 295233 307268 242705 291509 294144 342744 269298 268508 377403 288207 290713 258313 231416 310749 271899 273180 262263 286153 277168 305238 261843 273068 263211 254674 
n=28000::284598 269474 345611 295257 280222 281900 277911 287828 313113 269066 335486 281664 352188 265053 421645 273653 448351 250635 308860 272026 274670 264797 315439 309327 344637 404461 296327 279748 309114 275545 439531 299526 306512 287272 298272 373666 257989 304732 323478 276231 281420 325800 316769 264570 302551 277286 279454 309767 294656 286451 
n=29000::380164 266622 278799 265837 327564 343158 310548 333370 316976 320716 327263 300253 382780 298421 303694 336339 270459 338077 289203 321740 299173 280808 328542 359403 416055 281729 317723 349695 278921 306916 360206 335855 268153 270337 407155 297783 279993 302292 344900 279964 398463 256480 494590 296916 317077 349669 346977 308442 278799 299054 
n=30000::344926 305881 285280 311806 372860 316174 295873 325468 364425 291159 393966 326009 327077 265343 304860 341447 325782 302002 315877 288951 322005 309225 365082 288842 375807 307223 358199 295123 325659 266055 285367 331532 318816 280153 317707 295001 341841 282945 334126 302954 311120 285845 295995 320369 308751 373103 320104 310759 286119 329266 
n=31000::376608 307926 421124 286588 333691 321628 332040 334838 431586 283211 320364 303416 359971 416230 454651 301456 416986 470528 319825 320862 317833 382350 331362 323665 344482 336991 313078 364520 351898 341799 306884 420718 349175 357623 401665 320001 324011 307739 289777 317036 306465 383060 337538 397374 373226 361379 326362 380463 356783 279131 
n=32000::332830 343598 358983 315555 409935 437439 291742 315358 402217 327704 401614 374491 336186 338585 334344 333294 285699 308426 349760 304695 371677 305371 342011 451763 409227 383509 335829 317274 332876 368031 304293 361950 406945 308228 406318 363958 326072 368607 324128 380727 306646 312288 374381 367131 342967 412333 356951 355814 301161 372347 
n=33000::352354 302351 355269 369512 297188 313637 428841 351660 368836 339079 381290 328068 345993 344100 310963 416494 358717 378498 366262 310773 341624 377002 446309 332634 312277 331636 340161 356497 368637 342371 326521 305578 422342 444682 448269 362361 337069 315790 376741 366339 369116 338385 359648 361715 421781 350870 381140 316171 436109 382059 
n=34000::420340 456413 396431 341545 402516 311393 383715 363569 396561 346439 381836 394280 347922 362453 327509 423359 328611 312845 321810 349189 350241 396687 339069 388008 388368 346177 362654 430254 321687 315508 338119 336545 382125 391310 379252 398377 359441 341733 444163 345976 418225 348218 423981 313906 338765 432786 329667 329245 327807 453200 
n=35000::352663 326317 340017 355414 550669 438800 306138 348685 369943 368391 415253 366371 366696 389517 418832 392488 355195 396129 370320 379175 457509 441534 427352 378855 333803 407423 327886 340241 408126 409271 519836 357475 394539 415563 346533 381767 387585 352193 410209 425484 425676 341792 390763 390966 353300 424060 332743 371816 513107 442642 
n=36000::384663 393802 356934 373798 387497 365724 387695 349897 337195 408033 414498 368524 365305 363723 378409 361951 334864 446786 495577 355297 396853 392728 443997 492387 448891 386999 428737 380054 373390 360746 410067 401910 352849 694193 474469 354848 439459 410238 492018 387764 380671 440089 398882 442382 556135 355500 351039 406401 350744 452489 
n=37000::399122 378078 401114 444056 453604 398110 416792 502427 386651 362787 495716 434062 431048 381208 350832 356384 379640 469005 416372 371185 477702 438746 446970 488503 368735 339154 355948 390712 412105 406975 394886 365529 406443 393513 433857 399213 389074 408947 342929 360117 453698 419372 463462 377945 407231 485839 361983 473113 434598 422588 
n=38000::418419 377457 437344 398790 353114 366093 382587 398566 516123 403322 357619 383890 471045 427301 465934 432076 400396 380788 394478 391451 384151 444614 373158 419301 339422 427332 441223 435626 442012 402221 442861 384106 381479 369841 426932 445587 364655 379496 404277 404222 406555 478723 433249 507595 415425 393626 383822 429704 407806 464626 
n=39000::391543 438977 436612 469234 381388 439095 459991 463564 404756 437902 418390 469336 498498 578963 385519 375899 415233 412590 434931 418169 422207 475911 588475 410483 392252 378591 363312 384658 618640 438029 490122 444163 460070 396921 405961 364995 456136 426372 401097 397636 442253 432619 430261 538882 418621 439235 446907 433897 466682 421298 
n=40000::371249 377398 496652 466728 538327 407720 505234 478295 476556 408167 439388 588943 437952 474164 412516 421005 388412 429184 433342 479055 402732 479784 426887 471089 453737 394353 409626 470993 460886 523513 465755 402576 433502 470213 399063 577648 401512 462112 396851 439372 484568 421271 424141 406020 411829 375360 531730 450325 441487 449352 
n=41000::408032 435877 480208 531444 474864 515364 468728 446224 449013 519605 469971 429706 460928 478992 408673 427708 472133 395336 440011 450882 435009 432401 431644 469080 444116 541720 532182 477742 539249 418377 686014 479067 413060 447304 453619 497754 405658 690060 387496 397089 489248 480575 482383 418382 452083 427239 346676 465920 395260 443050 
n=42000::537400 474408 465148 561492 538510 490903 408320 509417 434982 441613 495758 495126 465829 388354 544530 485946 436832 451504 523504 376646 479540 464447 424084 462381 486253 586295 483725 476486 495518 442264 514429 531943 477476 456297 441897 395652 460028 473304 527684 500565 493163 455392 533559 539342 451634 428547 494694 503029 434663 452464 
n=43000::414402 524580 429799 451221 463092 475991 442226 458760 430345 431594 491198 427085 425000 409646 441711 562184 470644 504893 426073 669718 426833 489357 458132 562027 487529 485491 552691 577354 450077 455382 535876 457748 465024 431796 427183 462144 432098 453387 473470 468252 531889 536250 474062 441106 471412 475317 472637 509989 482056 433101 
n=44000::582269 499163 445687 447087 507156 442887 488534 524399 450668 477760 471967 395688 457747 487924 451084 507719 450967 439340 517136 505087 476960 455720 490307 522812 450143 422514 528347 483940 542275 460281 449043 476368 482834 414439 439876 446488 489296 562562 683048 566570 468983 554145 483038 481114 406658 731346 570148 455148 548869 431446 
n=45000::555726 440333 429974 432702 477748 514244 429150 530116 459083 545413 531263 573592 508668 476435 510566 480277 515341 537949 494826 521695 511633 551159 477564 568762 451051 385008 449484 452909 608579 544091 555911 481425 506413 513134 492122 524571 438326 573898 485900 414403 482891 478789 545206 457297 516300 425433 618497 452883 586613 570556 
n=46000::519860 496361 506523 503908 506052 564026 518340 533128 457440 512152 585347 462590 677096 555597 489293 569496 524182 433779 523206 540957 575622 587932 498863 471728 491733 556971 607407 524637 581252 456383 475073 603918 518842 493868 648515 470331 535810 567126 476290 509953 578219 521927 517594 469077 430670 566750 585416 498602 422548 511329 
n=47000::542984 581496 577981 497209 470346 586994 694831 482450 565015 529243 461074 586657 609830 461953 484721 500185 607999 448214 481478 594458 470296 573046 542122 617610 550645 537256 618503 605713 541597 553156 545686 524227 667641 586048 503708 538466 552415 562835 560008 421027 445136 558277 474259 504121 561493 528641 500485 462329 566494 480119 
n=48000::594302 666899 613724 539349 435948 567030 580659 486415 519991 511888 579748 430378 622492 476082 515621 513763 529820 605258 539834 432067 509808 545747 456644 635605 539846 456514 505569 547102 472370 538278 497243 521882 612557 522241 663825 462767 626751 479653 544563 549737 459758 487762 514528 573926 523397 491576 553530 529847 566297 578524 
n=49000::560782 631110 627384 596686 541758 516849 509494 584622 484585 509829 556371 490239 492302 514638 598169 597471 665534 571964 487726 517456 570033 519590 547578 599008 644055 496140 554604 573069 489110 461213 580617 598952 573160 533567 522715 575476 497256 498552 573763 586042 587487 485817 509119 504259 473203 550232 632288 477009 544463 477955 
n=50000::540866 526119 524837 648570 666289 566861 627456 503081 530252 592711 576402 576757 521857 585185 559134 559470 510337 566836 557370 631628 561476 577431 500212 492504 618219 673509 506661 522253 523205 600059 568021 671820 578408 529083 527654 797678 559317 571173 560112 631375 620351 550125 590365 635563 486255 557447 570835 592269 522889 530400 
n=51000::527089 642519 579265 688232 652775 560016 548003 576104 594068 561170 553282 511114 615185 537292 522028 552671 569771 488192 538226 573936 638226 560303 525483 506468 575070 649536 603367 640544 562884 533351 465148 701999 570102 509237 686742 555297 618324 550945 585412 562635 552338 505169 531305 527878 597979 584603 543260 571849 630780 612334 
n=52000::681228 586601 560747 592840 624450 598783 574612 580151 561804 575308 704387 657919 603645 558203 532061 493156 559435 792976 636641 595364 554291 618772 572819 664170 581919 609002 752356 622759 579310 645112 536861 592326 537983 666067 518814 622723 522280 718995 618241 594583 567971 548834 551305 588468 534117 570332 730262 605655 627556 711749 
n=53000::630264 515193 586082 664408 737031 501739 655652 605717 514381 584700 666991 691551 561997 643056 620969 566300 569773 603976 720390 560551 646166 570322 636836 522412 673133 515328 605196 599374 706349 790569 648419 545006 692283 669163 588698 642734 653326 583660 626103 697576 520148 537601 513234 697394 587553 563163 622630 597812 634223 571329 
n=54000::693921 546707 594461 641580 607618 658954 560087 598874 705235 826298 582813 693698 714738 624955 673467 576306 794872 624340 690093 734860 579234 509104 861894 589479 765289 640093 617308 533022 705443 633427 543828 644089 603619 533877 584070 523687 540774 565243 560110 626979 567029 666581 683183 581080 598622 612657 601233 611118 644393 647331 
n=55000::735188 638041 553969 594605 577939 597275 620640 662183 729293 680498 619061 620939 604735 582786 697073 628240 626000 719790 674088 600461 582247 567700 705836 901297 628897 611500 610875 838664 702513 575090 696353 563084 617397 695631 713070 604947 494342 603968 520357 779234 617038 614399 582888 614053 644705 609137 666962 634651 629863 653820 
n=56000::568070 585598 556560 787529 620775 685713 612081 626396 738739 561557 571765 643589 562834 628909 753284 690210 541739 621418 652396 625257 560308 722911 676491 583609 658708 592943 808432 816723 590407 611253 612365 618613 578844 684211 632568 586600 623810 674793 605564 622195 549079 766107 618384 569196 740851 533184 652501 600927 636323 529315 
n=57000::599423 684922 632424 757194 701001 587377 636800 557236 600966 595850 585714 626713 579949 748339 649163 636097 596234 733218 702705 603692 716266 604756 603485 666432 701015 563208 622025 606572 636970 736422 621653 706616 632678 631999 628331 609155 675439 571321 608465 636603 666762 632098 644705 683315 624187 635211 662898 607050 636106 600052 
n=58000::636240 738848 841998 702716 661013 562497 638098 640915 747908 598969 646669 754219 641126 774273 650373 680399 580404 654896 566377 604508 711361 802153 691459 658458 696110 654803 642035 560928 706641 591016 653182 621958 642614 637781 626287 625592 653927 854081 631173 608733 814765 726081 569697 701958 590255 642705 710994 689902 722351 669713 
n=59000::598368 649880 831217 682182 636078 757700 667805 617218 758079 641426 605059 654150 621514 769649 661680 594419 656060 671656 772768 547406 686797 576285 570731 648469 589432 821707 601504 608266 595095 547571 619050 644410 927660 854616 655866 612383 783401 701693 577978 620816 716722 903759 638634 674720 749079 637038 716311 675120 858796 706264 
n=60000::666852 575689 765931 605400 654040 730668 732786 801149 724459 695701 724659 807702 624892 681139 706294 677867 731305 727977 629271 656912 616680 675538 755750 809861 551332 735928 793333 659129 661332 689181 775265 658516 677322 710730 656940 603037 654823 575896 662995 697204 678572 764396 686823 783640 627824 655521 579000 644976 844604 666696 
n=61000::741383 654942 727618 605834 725876 660777 761057 667823 777655 917262 744009 619954 662292 808540 729930 677526 673336 746980 640661 644947 613662 599111 662804 855605 708338 714686 862276 823656 629688 614530 695418 732575 944875 800775 674679 645890 669352 671334 641215 821769 778343 634276 703777 611505 719041 728289 868540 575167 717618 639333 
n=62000::679453 679128 695962 767434 683326 655028 708297 613272 780458 779714 702362 579251 706185 714257 874562 853550 670956 700846 652386 779103 775037 719379 706334 691435 662372 770109 661741 858819 670772 1066149 637694 637017 742745 819435 826758 650408 626403 748179 655336 671551 769438 675777 704689 780841 743497 764861 658480 742435 733390 713098 
n=63000::710648 654708 704119 809362 673008 631418 739552 771169 733965 625820 698696 767934 693391 746658 706219 769758 788662 676949 626482 638457 677472 670503 778386 734869 708222 664130 706285 892129 845005 706843 639032 1066252 672251 883057 858121 633340 746252 631852 670766 658368 751996 808475 707003 631810 694794 685055 1496583 807197 711334 685580 
n=64000::756327 691723 595735 844807 657567 760641 1006215 666049 662489 725987 657553 746567 714254 733536 802855 697447 750981 876879 734019 624194 703515 777874 632049 776772 766191 790933 764995 625947 602177 935023 745186 736034 708978 682710 718410 798643 655381 787884 745490 795120 861954 667803 704579 628695 810790 710768 748780 641611 781924 741241 
n=65000::675146 701455 741832 706019 893340 773550 873921 804220 730773 691588 732061 627050 641704 880006 788843 682596 736177 827580 705052 742575 771891 608908 671816 816930 765793 680141 729656 786560 745801 820923 666797 699265 828691 624783 1173696 669964 740775 720242 752549 686801 706852 723593 799297 891398 658658 721817 754062 750346 728603 717497 
n=66000::850902 723232 784260 889527 723458 766122 837673 726307 892212 672827 708947 686489 790742 773006 715426 729635 721823 956358 844813 754684 804519 845489 760392 693972 733548 719790 777124 806909 925925 898547 882552 713147 786742 743755 700044 808507 904684 827271 838308 756322 838536 718591 734462 919786 696829 686083 614481 737686 708012 711041 
n=67000::876887 998694 686771 712503 697816 739193 860800 785797 948323 827702 669743 760262 680744 730355 888535 1044094 848257 703390 932839 707984 763364 777221 772001 700848 727086 954889 765577 690505 811327 732809 787705 680442 957405 856956 665126 903494 708801 713506 750320 662659 1031632 723551 691884 880335 746687 815860 652100 820100 736238 734391 
n=68000::785599 805974 659515 866254 757101 788698 715209 843154 754136 903055 833401 881276 827018 719231 789652 790960 736512 949578 917832 687965 789351 861970 652466 744856 653653 737584 791885 723299 995353 783300 1022642 729794 746141 745225 772458 882544 738994 853015 889013 714905 859272 727280 813928 764644 827962 965652 752186 765039 762384 943252 
n=69000::763605 873810 744100 688131 780507 712556 870621 1032396 751429 691164 737310 745189 882557 694687 766190 801730 937564 848967 835605 751869 772492 763708 732206 748599 681077 784286 843037 706428 668576 791370 764002 999048 781622 762766 797695 853269 917878 814868 791654 888572 735190 751210 774754 907833 849911 842198 810771 929801 855359 743298 
n=70000::730516 771969 774226 731977 780303 804305 740207 1029460 809066 862040 774445 805042 736249 807109 868186 958422 700540 770582 827728 756100 793074 734436 912076 817610 833136 730330 804634 808150 815418 749495 724182 858283 829211 894898 754843 727559 928840 759634 771108 706756 845565 759903 797969 836848 710925 812399 828624 786286 723628 749367 
n=71000::779637 802473 764256 900622 852602 847233 801988 816786 743465 938378 650684 830129 785951 893160 789507 834160 969773 833931 857178 936772 845756 712969 788013 754056 761214 995970 920260 765853 943507 806504 724828 710715 823964 834191 808166 816447 704652 872798 740513 798374 956666 809260 714181 902237 943919 684971 891415 836082 761254 828225 
n=72000::881805 767630 826391 852584 871900 830883 912692 760106 769890 850064 885326 789183 762150 749320 857318 875003 810986 795803 798540 732157 744230 719427 744537 1256562 900797 757996 821957 811852 824715 842860 961399 800561 823973 845436 736504 856513 823146 865602 1079066 699295 794831 946825 719271 904170 941597 723913 788911 790227 801538 833331 
n=73000::880332 864382 846253 1028363 768956 821906 800854 781806 949769 919918 918355 778332 864505 782172 802876 995250 902390 754654 746342 989930 777775 1148681 881580 808953 1080362 801298 761454 905413 969785 962061 747712 794577 924674 767590 863643 1049956 878159 853466 798871 864836 770827 910332 731977 748530 913639 837720 873225 792138 981093 763684 
n=74000::803412 838148 872920 761606 997950 880757 775841 921089 1109748 977025 780569 1046162 873401 874039 773364 740497 863883 799566 897229 988868 923036 771265 902095 760019 948604 861209 835116 870358 757791 886337 795774 891743 773904 910304 960690 819056 989867 799635 798427 829727 880065 799914 936844 773159 860667 824864 879692 841927 865753 760621 
n=75000::992133 807167 865118 758411 888151 903262 939577 842613 756136 1091928 780705 975305 898492 1049343 957842 903851 868425 871768 859770 704997 991433 747247 849931 814981 876644 920322 877026 945794 772888 800149 887114 895059 1004958 831272 831645 896012 943694 862128 1033397 1275693 837137 832989 849666 964582 765248 759342 833118 970170 933549 794089 
n=76000::790726 901605 831794 964496 974910 829642 1043620 1027029 794852 897250 857340 886629 980709 924978 1033255 882825 783260 899061 840906 895664 789574 1091943 1052487 900785 749863 829106 917245 776042 811664 890234 893579 958122 897969 1102028 865652 970533 865635 966128 841944 1076298 911252 951431 845077 785167 828952 909180 764278 805564 727786 884538 
n=77000::957915 881648 855368 864651 880807 983336 838134 1056878 853244 900609 1063371 811714 763993 871010 949806 864570 849966 798966 848133 849059 882154 748483 897242 887247 888429 1072254 988952 1039194 783764 890605 892690 821883 794268 890305 849418 854290 1011699 883034 959964 990812 913803 839696 857427 1046542 846282 942212 1013528 1082440 977729 823212 
n=78000::916739 859679 992412 988446 893210 1301418 929025 861614 864743 862803 1100234 1075464 846484 891862 927124 894927 843689 893403 857818 866854 974847 966596 831906 863786 925249 924121 877524 863323 987404 714514 911325 884624 907745 875477 865289 1092157 1006197 854094 869689 873976 1069764 925075 1007100 758302 803140 918339 877531 958075 1011609 1051508 
n=79000::1018254 919565 875395 973682 1010850 979399 878460 975684 852229 887798 840505 968952 892432 989623 806271 850450 808846 1003528 1021132 931468 865250 808213 1041494 904455 947197 968076 855795 889088 978797 747006 1060472 1111479 849199 972594 973153 843421 1016235 842500 839312 914958 831876 1325124 897806 949538 886913 1252775 914472 951363 929607 812152 
n=80000::882881 943922 849486 799142 1004745 1135569 925701 882285 867014 971698 1025494 925898 1091213 1005396 871246 1005808 830200 1026009 1084691 805287 942181 968773 934124 888824 793986 1231335 887119 1284004 904079 867685 959124 910456 912290 833883 924078 914636 888557 868399 1010422 914337 927232 1007447 887373 831895 1031498 861999 841798 869501 840848 905214 
n=81000::876642 1011366 1157280 878613 1002597 978934 1033503 1248016 1121703 922224 840894 918846 846394 1012192 961675 858069 819235 921015 869145 901498 1027773 945093 969510 912771 908098 876953 948631 1069523 955993 1260628 1052592 877658 975892 873815 856292 935214 883873 925174 919756 856265 937821 830276 959616 945466 955727 920792 907531 857593 936750 898380 
n=82000::817467 810867 942970 891541 927421 1117846 967961 1054284 1265627 992908 984752 970787 1346365 889614 928794 1011495 1123079 1096228 1058222 1013495 1003160 1143501 1003738 1096959 935363 911395 985817 1010314 841764 1067481 844237 803093 996917 966645 957962 900530 920357 931084 1223779 1150916 1040502 986009 936160 1061559 879952 1021265 994289 952442 982100 1002982 
n=83000::1123210 1210431 810952 1012988 958704 967162 938324 1264485 913354 863631 1004618 862739 1097193 822627 828388 844867 954700 801542 1010293 1065528 1162451 878480 947545 1062116 943133 983927 1015739 978516 888823 1127597 917327 977501 908736 1036602 987089 981966 1034732 1065800 1195181 1193014 1067921 1222652 1233506 825436 858792 937350 937670 857943 957347 883143 
n=84000::913728 1074099 1066503 1145814 1005127 1026056 999817 1252766 1100124 1116441 970131 963449 958393 934808 1121682 1024376 834512 1026745 1035691 901502 1084950 1063764 1008226 944253 904492 1031008 916489 981815 893525 849999 1316382 943056 1022351 928692 889640 1311423 872363 1118092 964437 902115 1226172 919861 880771 894949 863886 1230978 1056486 963477 1103897 989764 
n=85000::1054646 1023281 927579 1145528 844473 937944 1130433 1346135 1224811 1048879 926040 927999 1014400 984552 1001377 1012840 1012025 1014626 1012105 981779 991762 1040460 1139981 965703 899545 960538 1073935 945026 899086 967677 966082 1171602 944258 980701 988676 933754 1163764 1039772 1055240 941380 936467 1013356 935724 967763 991078 1148329 861760 953480 1173411 1093800 
n=86000::1016009 1156624 1069079 1094405 1032987 1262884 1027568 1141737 967560 1147507 1018808 954755 933671 868676 946574 889453 995541 994872 1074069 1061087 973177 1059547 891076 1118022 968889 953122 1038376 936175 1046716 1200520 1025854 807798 1002717 1047945 921809 957192 886093 957729 946053 894523 916819 921538 1095966 1071228 962717 860770 1084584 973226 957584 1023303 
n=87000::1087291 837080 947198 913806 1077295 1031415 971325 865942 1162320 1010505 939139 1219913 1208669 1082947 1079572 1052856 999708 1006270 1123210 1171566 993624 984619 1231839 985550 1269441 986861 1105537 1280181 934394 965626 1570326 924715 911824 1094583 886784 1532822 944264 958549 1073663 986471 946276 894489 953601 956030 1154319 890818 1166733 1114873 940218 973994 
n=88000::964407 898315 1144436 1167669 961215 895421 986671 1306523 1062499 963203 881607 1251789 1005756 954980 988135 1005738 920362 927178 960415 955607 985601 1080218 949671 972578 912753 1069016 1021116 970418 1049852 1126086 930686 1328016 1125092 1451119 1131602 993705 1276969 1046502 1058341 1121324 1046502 1102883 1446734 1097555 888524 967517 1360042 989022 1056061 1054347 
n=89000::1287557 1060161 1031751 1077187 1114586 1233925 1178635 1044412 1035693 1185880 1084355 1054222 894667 1007860 947092 1153127 1055023 911834 997325 1058294 1127301 1140132 957428 1186900 1094437 1056247 1022296 1020640 954825 980399 944225 1030452 1006438 1097737 981069 1092419 950349 1298943 962355 1265076 989884 1086539 1105376 991604 993792 1121244 1103316 1074430 1027038 1011901 
n=90000::1105970 975448 1127521 941753 1125377 1292127 1346772 1027238 1271499 1081764 1026031 1017008 991646 1036567 1177287 977632 1403994 1012625 1225175 1076094 1059368 1007551 1070595 1226157 1191356 1035138 1049098 1208512 958270 1191470 1074469 907416 1014508 1451896 1063336 1128322 1184182 1067160 1132674 981855 994574 1022274 984977 1089335 967063 1051540 1138761 955029 1115282 1410815 
n=91000::1098489 1175007 1052071 1060431 1041566 1313904 1111859 1168776 1105232 1009616 997289 997248 1140385 1228150 1230858 1490155 1002161 1080152 968516 1411569 1053949 1054495 1337773 1092139 1007001 1047799 1006519 1079837 1113032 1031299 977593 1010599 1152275 1132332 1142987 1265726 998789 1015240 1131502 1176120 1104233 977915 1156824 952313 1132903 1021342 993206 952348 1103847 1025409 
n=92000::1193878 1019376 1502738 1142647 1143296 1276044 1009464 951572 1096657 1191945 1153682 1077658 1053414 1066122 1101346 1162321 1444432 1303671 1100443 1085888 1092847 1122138 1047020 1056696 1024016 1126895 1096742 1248901 985085 1203684 1129736 1153409 1215787 933800 1280339 945932 1330476 938853 1152418 1225591 1159130 1084241 1237521 1003402 1016131 1041653 1035290 1163340 1164352 1149182 
n=93000::1228238 1120822 1290015 1153249 1110095 1053614 1020686 956997 1071051 1215659 1090940 1065975 1091254 1285977 1281738 942190 1209248 1365007 1147963 1105101 1094464 1132430 978391 1056980 1054784 1092110 1071070 1045695 1035347 1215366 1072394 1475336 1007317 1179366 1126005 1195938 1120695 1055305 1004639 1096451 1281971 1140805 1451001 1222029 1245387 1263439 1058811 1024419 1026185 1016573 
n=94000::1171819 1150430 1235319 1035752 1386576 1077519 1028269 1081481 1239589 1173242 1154679 1078925 1077937 1047967 1122138 1248050 1008225 1162257 994716 1224003 1051484 1280936 1053165 1158156 1360523 974762 1048903 1061469 1645199 1270488 1284834 1313192 1019746 1052682 1058538 990290 1119916 1061859 1089776 1219177 1049339 1072861 1167378 1367286 1186900 1131334 1223696 1261498 1335883 1097561 
n=95000::1147392 1200895 1207956 1259722 1098758 1043154 1171504 1061565 1197089 1070379 1055243 1026899 1230643 1238179 1117843 983802 1088010 1227980 1182725 1133547 1035692 1129821 1101154 1184303 1292536 1201681 1269529 1251853 1480532 1036380 1044771 1124048 1025531 1105176 1030832 1105775 1226292 1064184 1209901 1184119 1037577 1384584 1131545 995977 1525085 1056571 1200567 1158365 1243973 1145719 
n=96000::1080224 1287920 1111839 1154572 1076984 1088918 1181641 1170004 984640 1083131 1150415 1198379 1198090 1190499 1061372 1084066 1440281 1051348 1237099 995797 1091423 1458598 1074929 943958 1145473 1076824 1351512 1144563 1335252 1072721 1162196 1029358 1016275 1339971 1180685 1289496 1137369 1042039 1099434 1022123 1195094 1113472 1075128 1061138 1166866 1129737 1136297 1279245 1032254 1109320 
n=97000::1134816 1303634 1316654 1271893 1338176 1057178 1021336 1127763 1285047 1181005 1136035 1270157 986029 1282373 1090686 1191956 1031855 1295241 1132423 1102600 1158955 1150346 1134937 1213168 994903 1296565 1383088 1407553 993009 1157910 1158797 1177936 1047574 1150302 1282229 1260283 1243314 1189731 1151497 1043145 1151630 1196002 1178809 1008891 974874 1380295 1044765 1213070 1147939 1263742 
n=98000::1306358 1158067 1296374 1130222 1297533 1309493 1252994 1155814 1221942 1250337 1315233 1686290 1098209 1365804 1292708 1133150 1092779 1122405 1164273 1193084 998829 1111086 1065229 1557335 1028964 1122034 1110411 1209499 1314163 1236747 1153522 1260561 1148444 1194486 1020876 1152779 975479 1215449 1077287 956184 1048282 972552 1180710 1580023 1183302 1458659 1174761 1199082 1159681 1121843 
n=99000::1189061 1110338 1120847 1057207 1255099 1112075 1163814 1032469 1088029 1060624 1158771 1371277 1159063 1066027 1279440 1208669 1108138 1057079 1038723 1369113 997776 1418987 1060169 1342994 1155828 1060400 1077498 1279822 1291486 1017802 1115356 1152855 1115884 1170087 1089631 1096154 1157556 1147353 1110670 1116473 1244473 1124993 1185035 1037863 1070369 1220230 1128964 1201069 1419632 1064702 
n=100000::1185290 1132780 1208479 1239384 1177430 1145317 1029216 1199854 1167305 1120495 1456493 1379918 1158206 1165348 1334569 1155898 1119147 1368806 1226851 1186251 1236101 1543885 1256509 1138089 1084422 1086876 1041374 1318610 1111534 1350196 1184011 1216445 1284671 1255463 1049261 1205235 1245561 1089391 1121269 1224880 1187186 1337414 1250500 1009400 1352495 1147899 1231760 1129885 1168567 1279099 
