n=1000::8687 9415 13109 9245 11064 11469 10565 9515 7428 8754 8337 9693 9067 13063 13428 10215 9709 8811 9228 8979 13793 6654 9959 8473 7014 10806 8557 9550 11179 13796 11095 10907 10129 10188 9750 11354 9327 8145 9168 8964 9809 10978 9355 7721 8580 12817 8136 10397 9765 10105 
n=2000::24644 17492 17668 18810 24530 27944 24523 21060 23730 22748 21431 18068 22522 23405 18915 22290 22662 23442 22331 22721 30102 19941 17966 21393 20468 22478 19892 18097 20555 24080 18373 22322 22309 21515 18326 23361 23322 22126 21165 19149 24535 19812 23021 23479 18104 20419 21642 17036 20696 22583 
n=3000::31258 37291 29146 30581 29919 38218 45302 37088 29499 27160 30683 29847 39563 34945 45060 33584 36930 30807 31587 30345 30934 34937 36229 32671 30519 34814 33321 31053 29394 30703 33593 32645 28207 30532 31375 26643 33286 28671 31068 29219 31365 31085 33709 39185 30639 30765 30679 34819 32909 35635 
n=4000::43548 37831 38485 45004 45128 47391 56251 41108 42630 52233 41803 40979 40664 43362 50450 50667 43482 43939 46966 47209 47352 39727 44447 47137 44260 50451 48864 44709 49523 50668 42149 56759 42479 43186 56215 40250 49236 49067 52762 42822 44969 43959 37020 46981 47593 55428 39627 51859 47708 51595 
n=5000::66090 60648 60518 53068 60395 53062 60741 52411 55620 54519 52733 63508 57085 56186 56526 60620 48070 54284 48620 54649 53774 58778 56775 53761 50645 62760 48547 52810 65090 50273 58637 68744 48680 60171 58182 63812 64166 54255 52794 61470 55099 54086 63552 67279 52132 49583 53596 69776 51999 60765 
n=6000::60511 82720 70117 60500 82387 61916 67567 67399 69762 67738 69326 68834 64797 77331 82069 65981 79780 64645 62439 64542 72982 61788 64514 61512 71803 63782 71542 59768 67999 68319 61947 80980 82172 73917 83999 74817 69242 66702 80985 67341 75149 72394 90061 67111 64351 76732 63652 73795 63665 75507 
n=7000::77344 74653 76847 90386 85278 73086 80670 94708 85836 87009 74454 98016 83570 86019 75890 74915 108993 76802 90786 86913 78739 92831 75476 94915 76867 91666 104824 84914 72803 72759 82177 83654 84052 80597 73838 90205 85624 76004 76564 76227 70628 80706 74521 79241 87332 86150 93012 75989 74223 79874 
n=8000::90303 110871 94478 86934 96953 102437 123720 94121 130092 131163 104720 94888 89714 86719 82921 87526 86117 84171 128637 87183 126938 90256 81824 79093 92382 83244 95878 82745 123069 103975 91481 79717 100074 111549 98923 88663 104626 120162 92875 104447 98951 98006 93522 95609 80214 85528 90766 107007 86610 116042 
n=9000::106984 113650 110000 98884 120065 123406 105869 101351 111883 119688 107761 93241 100606 103946 107912 105239 99593 91506 106972 116705 119111 108347 94499 99795 109301 127298 102406 108665 116685 137329 95910 95330 106792 99296 98943 128430 110344 97086 107100 106955 105136 102531 125840 93228 109482 111761 97424 146811 108926 116174 
n=10000::110591 139633 141463 114003 99739 113997 139944 109855 149956 115769 182043 142003 109997 122411 111824 154619 121419 102785 112836 125620 113343 146297 112881 119174 123245 109104 115622 144578 122161 111352 115934 110524 117118 153970 121393 105015 123334 130341 112283 120261 111148 132791 120106 111138 114424 126232 131191 111027 102538 126041 
n=11000::130934 143734 140707 138069 134648 136977 111411 134941 140093 170536 125455 146481 128209 136108 144166 134921 150232 161782 154725 119834 122587 163997 128617 139137 183205 145501 138519 119110 136784 132486 159228 156254 159731 126493 121035 154054 147666 142073 159719 125911 134196 157320 155552 124537 145298 132203 136694 167814 140728 111888 
n=12000::143214 152491 144502 132107 125912 142764 140458 171901 152008 136178 141362 186417 147736 151898 141581 129435 137679 158324 147264 142478 132143 162327 160786 154257 147086 155817 140930 147579 149015 135354 148672 135599 157867 186268 133888 233470 159962 189542 148516 170907 154181 147556 134288 167023 133345 132638 154694 140852 146918 145562 
n=13000::152855 152000 178290 166359 149067 151661 183757 146524 150957 149326 174152 163981 162133 156684 180361 172319 158600 186166 157263 180032 187818 166107 161991 162771 134977 152471 173548 152570 156496 161279 189325 193641 155122 149881 183652 148595 150283 164046 147687 164999 181959 185051 131011 182783 153508 244112 190499 148030 152480 188714 
n=14000::177739 171614 164887 172144 172819 166808 169879 143083 202624 161677 185935 201311 167052 205361 165951 164452 167874 182603 164832 188812 162781 161031 199721 176226 178388 155809 158801 205640 186444 155933 168569 190836 190893 188456 151828 173173 163708 181223 169247 162205 182686 157536 212113 197337 181484 219231 182199 163476 202416 156034 
n=15000::174291 198273 182443 193529 199566 187589 184689 202964 190997 184715 173970 186898 171365 163454 203306 187025 190985 182678 169757 210857 177962 164893 200090 205568 208330 178475 200166 182031 180740 177790 203389 211543 222690 191404 171978 190188 157160 177695 164656 182180 159720 166825 202673 174275 174120 165476 187766 195375 217230 168160 
n=16000::206608 226479 210248 196431 202698 208258 216457 211893 187721 204750 196966 199383 207485 292332 186691 191420 229949 231258 218715 199382 211145 214118 224010 223055 187327 250539 206934 189241 228673 178319 212833 197920 183068 170578 206251 204215 251058 199801 209201 187158 205610 177357 203789 218214 197172 174664 187484 214030 220768 188911 
n=17000::216457 241115 228033 239734 231813 215566 239090 277022 223394 208448 241605 192011 257866 210451 227514 248414 232800 227263 199519 237070 195595 189488 204804 232919 220741 194217 237698 229208 214127 190233 220386 208133 261632 276448 249699 223182 238885 234234 194530 264403 233432 222457 240233 193753 257719 224995 219654 239073 231759 245252 
n=18000::216299 264326 260821 257798 233942 233089 213040 336884 247614 246216 237252 217877 250272 222205 198627 295350 200453 226142 232692 252549 227836 277868 214737 256060 219119 241288 225021 279289 238115 198316 269444 218880 253755 236620 287221 310424 199216 208260 203853 229452 216133 219574 231713 261149 204236 238291 268512 209973 235621 240045 
n=19000::242001 250869 323467 227087 237457 268660 246322 252203 244220 300282 278682 242888 252004 283443 249777 217241 215209 227824 227407 241619 211691 282899 253191 274642 318005 259011 298398 248490 226382 219566 232741 303462 272520 224431 236566 242711 248788 249930 227005 237185 246877 262408 288304 227129 243699 209758 248503 255252 273879 383196 
n=20000::232037 299905 252838 235261 253463 250625 264234 297958 266465 314543 314419 227405 238660 263459 257779 265899 281635 283550 287321 351234 258667 256220 268642 246695 266727 264402 274638 286462 286578 239407 253188 285913 266254 256148 262536 332073 252037 266466 297326 224637 222811 272349 232487 261975 232754 257710 240730 259840 239701 265971 
n=21000::262422 276858 260988 254230 280810 303111 257595 304425 300828 280091 269025 300192 270702 276843 270878 238073 265258 287339 242464 231716 284492 335203 237256 275913 279210 248304 265045 289286 258993 307251 234746 257868 270794 375018 273209 296978 287174 237076 247270 266875 323819 365941 249461 265708 288884 305570 274840 293320 332896 270052 
n=22000::290697 300363 282444 421453 286065 268912 295198 292256 275071 269122 328133 250551 240387 285554 301685 320668 356182 287287 276116 333875 283575 282010 235576 311619 289872 242516 244989 318790 267797 269986 355363 298493 281648 321634 309701 257441 291361 277845 300392 274758 315619 279783 322710 302323 333749 290531 247189 284584 277382 258421 
n=23000::304725 292414 340781 380819 321170 393997 310248 306454 318148 281431 352243 289052 267711 266376 291498 286925 340056 248127 347907 324773 300536 265526 259446 332353 326829 272413 279582 285679 253036 338395 309140 338401 278978 278901 292370 286846 300716 294418 308221 305801 284275 297528 306455 311807 281566 269979 266389 376430 323570 290276 
n=24000::303408 328722 339143 302711 317964 319926 311839 364226 300475 297842 378229 373712 316489 277130 305361 261219 279414 294672 250365 296759 291771 345304 306064 310935 265857 285937 318528 348900 296218 321767 296079 312716 325411 296485 290451 379940 315556 308054 340048 295867 346855 460352 356547 307787 314092 292870 295485 315363 313996 353530 
n=25000::409574 265406 283210 345038 368921 301720 371615 351370 368400 335975 295960 290022 319309 340742 327868 305541 371997 288208 353596 380344 310485 360473 357685 325675 305491 303159 313833 353491 353871 428396 299938 362514 372597 333942 343845 357342 390633 329063 355493 448841 373160 330474 318248 308157 330921 351558 335603 324473 284752 309006 
n=26000::307983 305858 375814 347745 366862 313925 279085 365288 330088 363400 369834 323162 364076 350963 326499 385155 335408 317233 327483 323582 356623 380828 311413 346367 315960 363668 324514 374243 348541 317808 395032 364152 438837 325240 379231 423501 415428 411421 345009 331772 379971 372976 293195 389424 334474 346359 396937 345157 321162 330132 
n=27000::354485 321291 319564 391656 329006 339379 383605 369100 317341 360692 373221 334509 327913 405510 327456 430991 336237 447400 356285 550642 351318 329625 316817 416923 355242 408669 373118 367870 389144 326192 328091 345302 328365 299397 395449 355087 347385 305495 331211 345631 425562 343829 373174 304912 364556 338438 364042 342800 375022 317288 
n=28000::393881 343286 350664 382763 338899 373959 368833 452038 369396 399215 462025 334715 407951 403568 423166 366430 518289 371387 380046 350053 407311 373626 430799 382191 388502 423007 445911 355713 382493 341579 467787 366707 399593 324349 365716 377823 424221 358297 394854 335867 351001 394347 389636 378015 358742 389231 321371 324929 519481 317427 
n=29000::430723 348580 397662 329627 395402 383737 465305 388098 374055 493077 347337 383090 445511 373405 380941 352982 349176 355281 332478 389496 461560 430286 378049 364651 425106 407427 335696 397691 385920 373580 414525 397970 364036 412375 461010 379319 380759 355873 372508 452894 438525 308356 514279 426476 353893 353513 368975 428963 424720 392206 
n=30000::463042 384310 442253 371783 439682 373177 432891 375097 379056 367894 489843 372108 393940 399118 434528 387173 376859 393905 429995 376486 416218 371127 391070 374499 396012 387619 391938 397808 441018 359286 388854 408201 398885 405805 401747 397653 474094 466730 368085 450878 406619 462900 407708 400622 443339 546672 417741 419117 337610 352198 
n=31000::398945 426852 500205 461059 460759 462346 384985 388640 476009 558668 397063 411280 469306 469582 464613 331766 421052 498830 428897 408349 386312 451364 525105 395667 356578 437067 444725 403871 477779 434821 409834 422857 387734 412368 598608 371010 335274 516241 433620 371826 382136 416472 373473 450114 413090 501619 529498 431429 431791 362182 
n=32000::412084 459031 484406 389333 438865 469470 450671 529927 417160 491350 474883 439556 391644 476828 435257 384347 494489 474892 393978 364665 452166 444617 385943 525094 441071 418584 443337 488242 400350 382405 402074 483209 422362 405905 483442 404526 472170 379987 382534 641427 447272 432305 441329 414773 389963 551036 388599 418764 373915 466338 
n=33000::441239 451639 479665 417864 400860 456407 433017 501542 396390 441645 452218 482748 451994 412913 412927 453814 442024 448802 490833 422845 471420 441257 458400 426508 427751 450421 426842 475736 468183 458229 481642 389017 526139 484014 470650 434670 445370 434011 410530 478948 457258 425366 506661 419347 502169 445717 475846 440706 454887 414575 
n=34000::543211 521764 464919 458776 509720 448759 496471 392701 436565 515739 482857 433770 432951 458178 368644 438758 480197 452648 451569 459675 442904 496439 464911 444806 488595 440208 413890 443618 480777 607097 442428 470553 435610 472705 436138 612472 430359 422036 713822 435181 429625 409638 448884 516423 445279 447137 470514 544697 452055 465859 
n=35000::422735 462739 466990 625496 582805 456132 491758 440540 456555 536017 456563 437249 470592 521251 473479 430447 412214 643076 482195 465635 576504 449678 521303 577290 482015 435965 436504 460106 450895 443303 534635 487819 472743 520132 490245 457188 472702 507615 454274 496694 481585 435270 571149 525295 525159 554845 453024 420842 548305 496015 
n=36000::458272 534032 444243 491523 472909 508421 468368 544267 464551 439657 450502 491826 481696 482928 456044 494676 513518 495317 716290 450502 486895 490369 470370 508574 515311 565284 442394 440328 518196 454579 540367 453543 482156 703245 519414 476954 608455 467294 515198 588542 453583 498836 536553 470942 787788 571746 485041 505463 533907 464468 
n=37000::446056 460634 622331 494412 492133 617029 480643 537053 457871 478896 537627 529540 556879 482688 457291 529837 524220 494960 469395 512922 479179 540892 540448 505954 560231 468301 489076 480662 478438 464669 548467 477723 498087 467630 553328 523496 499503 536831 600656 534957 473246 489323 511662 532809 529833 496303 474006 519749 522353 544867 
n=38000::511118 553748 525283 536880 477895 481554 486866 548323 567491 499705 578755 523031 489559 477536 561078 525969 533877 419514 532551 433030 446408 503280 495868 485847 467698 463179 505465 662910 541323 575053 543190 532523 443901 450159 489977 516371 454203 559636 495852 491419 455599 504373 535736 579344 520565 521668 432191 465921 518920 506866 
n=39000::543261 553740 547986 507976 593296 540746 487697 538371 596943 479293 503722 520048 574122 579889 489844 518822 501759 553123 542315 729336 522627 586929 600547 556976 600660 470895 472492 454166 648708 502124 602731 531624 620359 532664 488328 644169 558937 584677 562934 558927 546778 541419 529477 555974 623572 564108 595244 551482 548570 623529 
n=40000::477584 533758 549751 486789 632347 506562 581288 526215 542953 570471 555410 768481 540307 537512 503616 501815 522138 621259 657574 671805 543282 535360 567046 512271 571788 551626 541419 517071 585957 585935 632741 571618 586433 537985 583632 648006 469291 604434 566120 665127 505277 609087 469965 666559 593319 480731 552789 553172 676735 538837 
n=41000::521831 621167 506355 577613 615078 569403 577939 580653 549417 520939 652318 521827 495688 610754 594951 526818 625145 486675 544823 540971 553968 501340 519468 541280 515446 548259 577412 557384 596541 609815 730608 540119 574403 507049 642321 544945 583813 693280 569283 630676 573581 548362 686869 529600 661823 562911 482474 533390 563904 620188 
n=42000::549068 605509 510253 604156 543189 582295 507464 552542 579937 479117 637800 542246 614384 543316 575343 621916 617863 500143 597392 559758 590820 525581 624439 682340 515430 642867 509554 694516 523853 550051 608750 662085 585163 529362 579176 570131 543418 485897 613700 578277 654798 513453 560682 599455 537727 594515 526293 628428 533469 534307 
n=43000::554778 546021 601823 695630 689494 696887 545408 557470 550592 542348 516203 827902 592515 531855 541436 707366 530579 552143 630540 729543 558283 598310 556015 577588 742654 548801 665315 582036 531738 573142 580878 528242 599410 556483 575591 560850 617212 570663 561353 634971 583280 684070 592330 724744 613386 645202 542371 593659 656522 567671 
n=44000::594493 822928 654359 612584 672504 608839 671147 618548 581257 564686 580493 559924 595900 677720 566864 662138 582703 535816 562653 551539 662361 663795 616999 614044 536728 618804 545689 566663 584898 613463 623130 589859 555563 552217 554657 644847 590330 658238 690116 633279 566410 609126 701101 525689 622622 788947 736368 531551 611325 684258 
n=45000::810989 716688 596164 579469 645415 685819 600266 606286 514001 571478 642447 687603 652574 568892 612529 565852 756130 634203 650959 596114 619827 681401 538080 581038 562664 650847 562941 552537 629313 584626 577594 569798 580476 672016 612849 635196 541150 695171 598810 559374 633827 554399 897844 607837 707484 535538 672671 623234 636838 619360 
n=46000::613835 674168 829539 568175 600404 620099 755730 600087 634070 561318 720481 645279 741642 646124 618951 722216 647982 678889 675103 635271 606839 671918 590906 729842 696240 652203 620560 725262 735750 646376 621147 631973 658252 679490 653781 652375 691934 660914 623741 666953 660913 597509 625606 733907 597922 693333 632915 629093 551624 598601 
n=47000::688538 663151 676645 646687 611250 677512 729261 646188 653651 650151 543245 640141 652860 634426 665104 616034 642745 617143 611832 692939 653408 642349 666835 619399 634388 610581 652606 642160 594265 618297 627593 654622 819423 708730 641265 800745 618910 628449 650465 700490 802301 626768 665839 767416 583874 730627 658426 602804 655446 539752 
n=48000::609997 687033 624098 694669 665152 635526 680706 712570 640022 649426 660927 629175 647237 714363 621096 660492 678568 773992 690483 647080 676927 677824 680364 698619 688945 619017 555443 841161 642032 591645 675889 631620 730550 611532 740622 644710 703597 652743 652525 678005 617097 626398 586407 801394 680525 663417 674255 648674 734629 746986 
n=49000::650035 702733 660593 638119 664071 721233 646647 720355 679202 755416 758820 740917 659237 730346 669436 639426 719478 812353 606814 704755 729302 618882 609823 733409 693464 796551 731433 620371 639152 685770 743491 679316 763985 654340 731196 717741 768497 665402 677274 823649 604068 588338 671091 617347 639743 978097 735712 626591 762747 683195 
n=50000::665658 651842 732970 716052 675807 715687 925701 703379 652062 704144 745785 776880 636706 609057 797276 622315 660795 658195 893023 742937 633387 606877 742612 680999 690198 953262 664562 617438 694356 646302 628993 697459 661156 616668 679990 801570 602013 683147 659144 699025 664499 618994 708298 782154 744395 606607 640022 689337 665469 596842 
n=51000::663739 742025 653833 761084 750024 689588 774271 734355 776972 698920 723971 713298 672822 707751 651658 700430 736662 669227 660135 877197 726514 636612 679011 745276 665007 694834 647978 872689 775749 655546 726677 738136 730561 734774 690343 640431 722963 667529 709323 675980 623661 665482 712523 664893 759999 791343 648777 651795 674520 732934 
n=52000::840870 647349 647870 685087 716336 706715 709244 727275 805072 657943 894700 837255 693324 716983 807490 691145 753191 836106 695669 772782 731456 758829 674966 842302 698643 673756 755293 777254 691196 707991 754211 666323 903081 669816 712135 747905 733572 777127 627546 824471 681838 642909 719505 802928 732688 753475 754014 748997 760778 726518 
n=53000::717205 715782 702118 719600 841988 680695 802256 660595 721897 659689 708575 820955 630102 780948 725236 740620 773581 688908 908681 748256 652341 738333 760232 693578 869453 686298 794569 695642 765065 870904 846829 643423 804983 723275 855781 731356 741532 718892 827452 736604 647681 748200 641375 848466 734761 674744 969635 762978 844826 847584 
n=54000::726885 680563 777654 765355 696794 856419 743312 770398 782384 826717 831686 747529 739548 749560 751226 776061 889703 692636 789480 834387 669311 853783 888129 737542 773871 788424 747165 701054 896233 695270 710228 811402 678722 760605 820207 672085 705001 700508 765660 795543 726212 807976 786260 885873 741645 827351 694653 768149 727992 807606 
n=55000::810396 780209 737104 930557 829120 729518 710890 779861 820970 760765 972153 688236 732194 706212 870701 725469 727922 770114 812353 756277 755350 777362 834427 967312 866482 665571 848743 847213 908871 997759 841263 852043 865147 806552 746876 862699 648555 702869 688611 835264 826657 732490 810348 745975 802389 810572 907010 831286 759472 715663 
n=56000::669048 784242 776045 867234 734256 824114 713734 800419 823160 720358 826520 839567 740429 708125 765698 705844 718578 856294 800506 926534 800894 808014 857668 818325 749369 718932 879454 853708 738203 708076 785250 918286 848914 859451 737548 919738 800746 873469 731188 797597 836620 822359 965604 761704 867558 744952 915150 728562 784686 688061 
n=57000::777179 725962 845705 885439 748892 854604 803413 799797 732329 765351 732281 820519 908615 847370 716427 703976 786352 857493 744311 810788 780274 773342 674123 744266 814036 773073 826361 868159 970289 763471 733279 912716 789206 912116 889627 805601 856533 725017 731685 759046 745924 824633 917384 771722 859357 766426 782599 757687 858919 722465 
n=58000::986798 859532 908902 773779 769317 725339 811582 879663 842203 702664 1057824 838378 853935 904094 742205 792339 786073 756399 813730 843593 807976 857513 826857 804765 829644 922329 829562 951725 899522 753283 1146326 721608 762726 792844 883398 702583 766270 890263 896864 773794 825941 828007 695514 750486 838073 826484 735316 910659 818454 792784 
n=59000::739116 767502 933228 840579 861208 847731 799224 695940 797539 768505 769504 920340 693168 812521 806968 860223 882756 895583 791406 762121 824771 777102 893618 828023 808199 1060401 780759 780206 822591 868076 864383 871543 959584 901217 806922 851344 865361 738142 697918 689576 910982 919071 861219 816454 862089 937274 874230 862211 906110 864227 
n=60000::773396 851976 969465 874975 801492 805414 993591 885517 1012193 973682 794710 813832 763596 796438 830582 740465 774357 902495 801839 791646 902932 912832 762474 852991 1044981 1211200 850766 762346 761306 922088 827153 1000571 752922 794515 971371 815331 902882 939111 832625 881893 788224 801447 770520 846153 1132468 939391 791770 834270 1004074 764476 
n=61000::860868 835280 955726 773716 802092 853969 895402 839423 821009 930432 919356 856185 857851 850768 975621 853104 760494 966709 946629 728698 870014 843470 918839 889813 898202 874080 901433 839206 992260 804444 863536 847379 950496 942669 873617 906041 816707 968193 1027112 889425 872647 878452 860740 1157295 831156 935417 956844 820192 810835 872387 
n=62000::809232 801929 1002026 1095853 889633 764270 870102 916593 1028075 833085 853620 857979 858907 918192 965516 912451 921459 908334 884163 905627 841849 1264781 864732 848218 1059582 1073435 891960 890056 866065 1068263 967447 912889 881973 884193 1108757 927353 1112778 867526 827164 855568 1001085 786713 902411 1013739 1025864 914271 808376 831674 877825 805115 
n=63000::978891 868371 893321 861144 925582 854849 947229 925728 964109 846132 865177 886128 871912 986171 909165 817292 1050144 871553 884896 904325 840590 1043056 875351 829872 817890 788857 914897 993279 931880 1047766 874663 1068604 911082 997993 1122482 812558 839087 901079 885156 825358 904437 931464 863035 953635 846733 800761 1510123 1038186 969706 885334 
n=64000::866663 1057545 810388 937127 853249 928990 1072524 1100153 932253 819368 758954 811882 938440 856768 883170 1010457 772932 1027172 904414 779708 764295 955457 908512 887947 896735 968459 1014032 810789 799920 1089916 1045917 993944 815009 946173 848825 881810 848911 843252 881057 871530 948100 825212 938724 812616 1053529 971826 909225 883666 863066 979744 
n=65000::911023 870609 897929 879871 950670 956735 979054 993886 947618 1027360 903858 889164 900865 923280 931161 833678 908663 911895 977423 861071 909977 898374 936831 944642 825250 844471 992268 849795 870732 865181 944340 866066 1012370 891245 1176760 841143 971326 925148 871349 845322 895959 806801 1015291 904160 851430 920125 916598 851192 979794 928129 
n=66000::1068503 897800 933506 973387 1038617 955271 898881 846776 929263 893133 1108272 901455 976047 924686 1072556 856839 879212 1056909 949379 821434 966346 941242 950825 1003473 918043 890215 1071097 903595 968841 1039862 946828 959478 1096507 1062181 836421 904644 988427 867997 896882 871070 1013580 1002883 947958 1005990 1077381 865117 923983 1014426 847537 1079106 
n=67000::1166466 1042892 931460 1166011 913960 950159 1007173 984556 1007260 848739 895640 913429 864342 819180 935067 1051604 990339 1123047 1053726 888630 911529 1002780 1022015 956107 900632 961816 1056569 947268 1045402 869497 994452 840951 1048951 904165 1099670 993419 868258 1017376 1042325 848521 1036424 902030 834523 1082851 888100 896770 904657 861704 918476 949627 
n=68000::1044448 967347 973581 891848 1178586 895289 962748 1126304 1012173 952944 1079626 969791 906451 917698 929579 901499 1187437 1231348 966798 1113891 996318 1041886 906273 1062944 844635 844124 931794 996091 1023271 1012056 1123748 1006352 1119581 939191 982236 1005955 927616 917397 910550 1074524 1043147 977040 1016179 916531 1048008 977768 878086 933417 927472 1089485 
n=69000::990016 1000416 911318 1057648 1012205 890671 1010260 1214064 922929 919197 872804 1132663 1000824 1076931 1007331 899943 1074747 954502 1175191 943561 976532 920416 902221 1033255 850675 864358 881097 938796 878298 916520 872645 1011394 967066 890173 975605 952110 1000376 1393741 924811 945611 960626 935503 1010445 1028073 978924 1068118 888658 965984 987579 1106819 
n=70000::1065344 1111229 960517 1246154 1095750 940568 986467 1077674 1070113 966299 946391 864202 1122332 967091 1007725 1216740 921361 1010743 929786 856041 1029636 1025906 941677 982053 1036898 943515 979647 893736 957290 1130220 943607 995190 1104098 1062957 904704 1054737 1050939 1025040 1073901 944854 944296 1046322 1027409 1011294 1219369 870644 1143645 858667 988179 1174279 
n=71000::965449 934394 992618 931418 889285 1089573 1038643 949880 1058557 1208506 911186 976742 960710 1031454 1239597 1085885 1034460 1042582 1025065 950570 1101905 924633 1182377 1277319 1223508 1168483 938642 1100556 1067795 926271 1195220 882124 1141999 1157582 964053 966796 1059711 972386 987657 937669 983306 938012 987727 1002040 961192 938268 1138507 925556 1174570 889542 
n=72000::977120 1022986 1008480 991790 953836 1055310 1138083 1007845 1009377 1102885 1056104 1017019 1028966 964491 975113 1039778 1007094 907504 1001395 1073052 979165 1041789 960394 1267199 931162 1230636 1097469 906927 1178064 1322451 1052059 1044852 953851 1074604 1125782 1013614 881338 1118954 1090465 1063858 1001164 1521749 959367 1049364 1014583 1105603 1188330 1028427 1004814 1096225 
n=73000::998921 1079714 1016264 1132402 965431 1195040 1071271 1086850 1194091 1138841 1048254 1042588 925982 1186320 1007404 1066447 1106804 953276 1020987 1187482 1161105 1183176 947130 991229 1205463 1004888 1081709 1059691 990981 987172 901742 1060921 1021019 967483 1075162 1125479 1015169 1102851 950966 943793 1008260 1022523 894341 920135 921184 1112502 1110946 951003 1051875 1031415 
n=74000::1048356 1063344 940771 994139 999454 1028382 966991 965161 1124388 1073235 982021 1163118 904446 1092258 1051526 1126979 1174672 919433 1135415 1076782 937948 907365 1170624 983593 1108268 1145881 919375 945237 1093683 1003524 1021091 1089691 972577 1098833 1030530 1252735 1113424 1067224 969473 897136 1009137 1190150 938344 938217 1147289 900079 1117704 1081244 993380 1006799 
n=75000::1074625 967762 1028797 1247180 1120907 1129788 1070481 987202 1302015 1147554 1211752 1050087 1155277 1406966 1000664 988936 968535 988698 1087374 918859 1308302 1012190 1002726 1199734 1044312 1042356 1054607 1121299 964099 1030404 1218332 1063098 1417464 996882 1117461 1006501 1218059 959993 1065374 1311621 1066231 1036412 1112547 1041315 1048229 1070309 1125070 1118763 1004646 1078711 
n=76000::1050007 992469 1073058 1119007 1270891 1315433 1164905 1335513 989051 1113581 1308761 1077471 1123757 980892 1186623 952693 1015960 1004255 1052782 1001426 1081409 1375283 1131450 1119292 1073665 1027755 1056647 1058351 1134452 971075 1313943 1066886 1133478 1138482 1031843 1043435 1061309 1051412 1093943 1333325 1057878 982503 1108792 1209279 1075223 996540 985743 977650 958698 982350 
n=77000::1139312 1185783 1312640 1091773 1262963 1063826 1172310 1181866 1057858 1267115 1127803 1083474 1275176 974368 1530844 1024413 1056799 1320645 1130910 1182645 1011128 1408198 1027740 1168580 1034383 1154940 1257897 1139833 1064098 1126448 1147319 1217671 1243203 1022115 1000006 1091642 1082113 1123607 1055206 1221946 990886 1073578 1086593 1128681 1048443 1032115 1195906 1142073 1025862 956740 
n=78000::1533376 1185049 1026135 1221511 1193240 1467504 1157961 935121 1156255 1132773 1135599 1252101 1047435 1136914 1206926 1099548 1260587 1150465 1258265 1168784 1068741 1263281 1151469 1218629 1086907 1118315 1048863 1081732 1242570 1080441 991752 1023131 1050854 1044478 1018687 1505251 1499450 1094435 1175697 1101175 1160433 1150954 1150265 1074357 1369511 1059926 1109754 1181813 1091735 1161002 
n=79000::1448700 1073104 1223832 1061388 1148385 1228611 1125993 1110299 1282337 1098843 1123209 1312749 970825 1035985 989759 1089110 1066442 1147396 1120363 1106340 1279877 1129470 1250513 986088 1052310 1254603 1048965 1223806 1141610 1082546 1075959 1325981 1350086 1048589 1135549 1181596 1030361 1179223 1091856 1266675 1233943 1337597 1085098 1235065 1075200 1284676 1176986 1052449 1100662 1033297 
n=80000::1013923 1130826 1128513 1095028 1157089 1160731 1050975 1186866 1067102 1127641 1176738 1185100 1291599 1077998 1156241 1218044 1414574 1340321 1524032 1058141 1113284 1088065 1182067 1073814 1060656 1252050 1186989 1359930 1032565 1262069 1270396 1052531 1405655 1134688 1294085 1377680 1178166 1139523 1112278 1199339 1029346 1169853 1308586 1090571 1157490 1002813 1208466 1122258 1158408 1172085 
n=81000::1097869 1267316 1167345 1161395 1147181 1081896 1044456 1305491 1177176 1189410 1071954 1033626 1196986 1170726 1157038 1134334 1095962 1017886 1055318 1190277 1398315 1123432 1081389 1073342 1058156 1134574 1233910 1219446 1347456 1468762 1341238 1390367 1332844 1185310 1094689 1079716 1062653 1201089 1283643 1264712 1145439 1168028 1199101 1124968 1270746 1082689 1298702 1055602 1101919 1318871 
n=82000::1173223 1204427 1168408 1109864 1305285 1182989 1182172 1155143 1353614 1079232 1247024 1298115 1555057 1187662 1059386 1347263 1317928 1323369 1131606 1231975 1208838 1411965 1103701 1219168 1142838 1127787 1093500 1115670 1151120 1402492 1133961 1089490 1178666 1236692 1109973 1047271 1149594 1194149 1266280 1300243 1338578 1860650 1183659 1075850 1143201 1186472 1080008 1176984 1139782 1212541 
n=83000::1143879 1236418 1064783 1156631 1139016 1150473 1179429 1382730 1085158 1070022 1104261 1294029 1137542 1304986 969777 1269875 1114417 1187041 1244710 1087045 1236046 1172657 1181250 1148014 1125121 1022740 1387394 1139074 1241186 1274272 1067665 1110114 1244206 1293956 1130636 1122496 1142985 1207999 1283409 1304235 1329787 1225028 1510872 1148569 1130824 1154169 1148585 1463909 1198152 1174294 
n=84000::1086459 1283862 1212766 1345257 1108689 1190567 1144227 1265433 1129295 1308850 1342219 1174974 1326866 1123237 1227217 1310404 1170433 1161229 1286133 1108663 1244037 1270082 1213576 1430058 1132770 1216793 1211962 1209079 1239800 1142612 1405109 1248631 1252815 1209451 1276817 1631835 1338950 1268690 1196939 1436258 1237579 1171121 1160002 1135214 1030880 1355811 1215676 1191369 1106640 1187183 
n=85000::1265699 1213226 1566884 1305095 1200600 1107159 1243670 1378962 1247223 1143652 1127176 1153383 1189341 1126415 1225866 1245690 1159226 1248090 1089599 1481614 1139696 1364832 1355457 1095877 1118066 1187508 1299344 1406148 1309172 1195255 1290249 1196086 1187330 1146050 1149904 1292755 1374953 1193237 1123870 1287657 1252226 1161549 1146601 1068681 1101055 1362264 1018339 1172882 1317630 1245776 
n=86000::1199565 1520031 1104382 1327298 1348017 1304271 1142821 1246525 1248344 1256764 1337116 1317290 1198287 1074761 1217209 1131031 1257080 1365295 1227861 1336478 1167495 1206547 1121431 1145994 1216697 1113461 1140177 1186801 1502475 1366799 1339706 1142572 1157227 1291013 1168694 1326307 1141574 1177273 1240988 1093515 1147923 1189959 1481270 1198625 1275368 1283130 1375701 1204593 1175649 1257020 
n=87000::1493380 1384804 1150013 1074577 1300512 1310347 1182601 1426353 1434746 1250141 1135304 1389846 1427939 1113035 1275175 1180680 1228885 1229759 1214863 1269401 1252382 1170434 1376097 1232603 1429040 1406248 1304024 1337988 1106319 1291349 1678862 1287053 1432991 1239842 1203979 1544178 1351838 1491716 1275219 1137965 1212765 1331843 1443735 1348002 1168062 1179384 1313660 1357525 1129056 1186799 
n=88000::1133132 1274728 1154528 1287014 1102675 1215496 1148903 1327795 1211543 1188698 1314623 1368767 1212104 1188516 1170404 1161832 1367913 1168082 1139915 1584203 1256715 1268455 1218190 1209462 1088279 1239640 1195618 1241284 1270576 1306678 1222942 1524480 1259996 1655618 1160708 1327062 1322988 1299171 1295637 1506006 1324077 1274519 1568286 1327939 1270219 1350040 1361968 1441654 1226048 1235901 
n=89000::1325003 1148306 1094498 1396365 1295005 1243310 1224843 1249918 1245008 1210251 1308507 1436762 1325221 1396085 1244902 1222795 1308121 1163975 1325613 1287428 1480916 1349043 1277272 1408264 1295018 1258969 1421806 1142062 1338654 1748503 1176411 1319106 1214894 1212926 1175711 1205119 1278752 1399778 1351152 1338261 1386134 1257364 1335631 1417292 1500495 1425919 1411961 1199350 1322618 1253585 
n=90000::1379676 1269666 1188030 1354592 1372156 1362064 1524426 1266471 1509810 1398079 1263301 1658947 1239875 1398905 1431380 1395474 1433731 1263465 1317687 1132229 1289806 1260719 1377991 1455382 1264925 1413028 1450081 1281199 1147921 1323966 1233161 1187905 1286970 1651057 1446567 1369084 1249592 1272292 1292109 1201872 1258046 1248884 1432288 1306595 1075017 1202301 1194738 1241107 1260862 1415751 
n=91000::1287937 1228582 1230742 1257459 1229006 1427445 1232245 1267432 1347024 1505542 1368362 1129862 1505397 1285035 1329705 1528694 1396828 1408316 1282290 1554422 1185534 1202304 1385288 1303889 1369986 1430017 1281352 1377428 1298322 1161216 1229686 1549582 1172098 1241095 1330582 1281797 1220988 1260195 1194798 1243090 1253861 1259061 1230301 1244888 1358688 1360547 1277345 1461689 1433663 1273647 
n=92000::1382580 1561306 1727663 1358340 1317126 1505867 1413443 1380691 1240249 1381405 1202442 1217768 1228818 1373471 1317962 1268179 1457074 1307491 1545974 1418044 1325911 1402015 1204626 1246604 1477520 1339553 1348814 1403897 1372372 1312724 1350910 1335892 1275010 1297529 1350192 1322480 1388471 1207975 1228491 1307908 1474118 1433550 1265584 1184837 1324083 1304169 1230061 1302901 1329458 1481665 
n=93000::1261477 1352410 1440457 1700486 1268721 1561009 1434866 1300060 1483207 1309106 1444382 1245207 1180909 1506905 1301882 1443572 1310751 1466172 1348158 1591876 1299066 1370716 1486347 1323671 1489958 1282383 1312872 1409280 1348386 1265144 1163272 1633845 1624729 1763907 1412570 1515178 1375888 1271617 1383312 1352140 1542483 1319956 1479535 1461744 1887417 1361708 1265253 1426784 1384166 1433329 
n=94000::1418770 1325890 1543371 1532949 1639798 1376223 1489116 1371716 1313537 1435989 1639641 1371077 1293176 1272045 1358062 1539213 1326252 1484476 1256270 1267621 1490855 1414036 1367483 1331265 1372027 1134239 1327871 1274355 1659559 1583420 1298479 1457752 1664757 1300171 1408422 1361721 1353908 1377453 1300727 1322325 1311159 1227093 1335643 1393742 1378411 1267643 1520883 1552315 1348821 1276791 
n=95000::1506217 1413107 1386264 1349807 1241682 1412450 1400467 1284440 1308684 1517468 1654531 1473242 1500559 1274290 1330363 1218505 1388411 1378970 1508340 1371337 1223978 1276505 1515433 1336851 1362441 1547910 1464488 1330600 1544289 1366133 1376015 1227080 1292757 1309270 1220056 1480007 1348583 1358618 1435181 1634073 1405963 1444081 1356079 1216607 1531809 1390231 1325364 1360986 1793505 1220636 
n=96000::1401222 1449877 1279537 1385842 1405347 1289392 1307548 1315384 1358304 1501510 1409867 1341292 1376859 1428882 1426221 1234655 1500085 1275159 1364354 1263211 1381813 1515642 1293242 1592693 1546839 1182253 1439488 1360834 1533893 1486903 1420921 1484434 1287364 1375383 1315103 1507410 1525982 1316219 1463035 1250982 1406016 1443349 1268164 1447527 1602937 1444407 1364288 1550253 1358343 1799189 
n=97000::1403752 1380341 1565545 1521478 1393710 1448157 1426206 1423354 1328393 1456067 1295952 1503668 1402708 1554364 1520826 1409407 1533967 1506981 1293659 1349652 1422090 1324140 1421183 1637433 1242416 1341873 1506286 1499556 1330958 1298463 1487427 1381396 1308948 1430555 1426351 1408924 1501514 1684698 1379587 1355478 1447257 1529661 1424942 1289857 1379252 1466190 1451528 1542459 1333534 1489089 
n=98000::1414210 1369775 1510061 1215572 1467105 1466036 1556894 1465917 1327413 1437734 1413682 1904143 1442391 1418863 1360755 1518359 1408197 1516829 1342066 1510562 1664234 1351134 1354335 1620400 1582025 1704509 1335925 1373789 1581177 1352062 1574575 1425122 1450460 1464050 1280781 1525974 1508699 1255686 1318645 1463663 1304156 1403887 1344938 1673518 1440642 1507912 1324748 1565063 1347595 1351169 
n=99000::1354833 1392702 1293620 1463161 1276899 1309705 1628511 1212731 1468499 1399100 1305970 1658918 1351021 1340503 1513968 1314627 1469567 1334339 1381160 1624451 1487000 1679010 1181113 1689711 1269481 1379719 1461598 1625375 1426786 1427188 1382386 1416500 1328958 1331728 1755908 1547504 1336551 1479148 1398197 1363959 1634344 1308912 1532653 1719856 1688044 1947800 1608094 1601117 1480383 1262236 
n=100000::1430602 1313793 1546015 1504899 1243132 1570629 1534829 1394621 1557071 1466233 1576587 1478977 1319713 1443094 1578358 1384160 1768892 1377645 1365041 1621002 1494923 1665300 1487296 1478763 1315114 1333065 1562820 1560325 1522283 1849878 1533706 1265441 1467774 1378826 1276523 1442019 1408460 1615059 1453467 1426111 1526260 1602217 1356851 1594748 1355050 1368352 1570506 1487277 1446419 1488620 
