n=1000::743 1633 6321 2789 3059 3874 2251 171 2199 1729 801 3463 838 5047 2057 4480 4107 1355 2739 1076 6724 322 4462 481 1529 2988 1938 3011 2340 7963 2607 3791 143 2661 3594 4448 1796 2191 1793 2199 2677 881 2247 927 2383 5433 975 1325 2778 922 
n=2000::11647 1404 3333 4944 9896 12255 8406 3459 6286 8935 712 4843 6424 6082 145 6982 5163 7596 6065 4463 14814 2338 1283 5880 5216 7019 1972 2090 2839 8083 4268 6104 3414 4239 5040 7705 4442 5113 5366 1664 8901 4856 5894 8016 1787 2922 3099 3020 4895 8454 
n=3000::2638 14612 8345 4758 4343 9941 15899 11420 4478 2070 9425 3197 15427 10041 12553 6988 1725 493 2807 1152 1275 7508 3890 8528 9009 4449 2064 7322 3704 8382 11487 6944 8808 8415 3878 6257 4760 5764 5287 1625 6031 3839 10844 17894 8053 4782 3596 10816 10583 9763 
n=4000::114 8253 9434 4420 9737 5292 24321 4959 4303 10586 14339 1638 7654 3401 20558 17375 6756 8995 8638 6193 17334 4759 13132 15521 5871 15585 4370 8514 14075 17242 4866 24487 6510 6365 22995 11682 19063 2500 4807 12087 12998 8821 9192 15403 15739 21366 5948 24249 8644 12642 
n=5000::6081 16118 22275 10892 9052 7021 28674 9780 5548 10262 10725 10198 11898 17361 10155 14352 9430 8368 11784 11777 11180 18211 8999 14078 5265 19485 8091 11558 17532 3012 14708 26427 5890 11798 14097 25500 19050 9790 4354 500 2644 14308 15449 12781 5911 2635 11920 33581 14937 19580 
n=6000::13114 3807 5495 6285 31254 14929 9733 22454 17495 21823 14844 29470 8622 22683 30377 1517 32840 11370 11769 9489 23753 6549 10613 14917 14453 6296 16674 17023 23653 11976 15110 36465 5429 22518 12470 21864 11062 11202 31431 21862 20042 26279 6288 9877 12711 9941 10574 11086 12262 21508 
n=7000::21172 8801 19985 12528 28210 11708 14070 26682 12738 26950 16349 37774 20944 7074 14331 7244 15222 1995 20485 22553 10162 22900 15202 26320 21234 27992 23269 2714 8968 6980 21870 23035 5913 22338 1580 26215 19257 11088 11143 18183 11165 18377 14100 13344 27671 18228 24234 5467 16340 23644 
n=8000::11817 42459 3667 8636 17552 3709 37504 29205 48748 24439 30383 22654 16709 6465 4266 20388 10006 18305 32471 8711 57737 12313 4835 12279 20941 7602 10977 5725 51281 28923 6415 12791 22288 3856 33301 22745 5814 43713 6287 36243 9279 11788 28720 23927 3164 5812 18092 1095 27132 13715 
n=9000::23093 26788 5779 21787 12663 48403 24714 9331 21220 40388 18606 22594 25809 11650 37831 2845 21693 3421 17033 30497 17456 16475 6069 17777 24118 10074 22368 37343 39696 548 7580 15372 11829 21418 20306 31737 29902 19912 2846 395 17575 13972 34142 17933 24340 25888 20291 69209 15755 25840 
n=10000::12026 21860 54029 19822 12541 11984 27568 16665 39909 18635 12239 52725 22781 21643 17223 51249 22719 13294 23742 22021 23628 60714 13516 18880 33855 16648 36961 48495 38595 28438 14839 30152 26594 33427 30116 27706 20645 32483 26188 19845 14536 17321 11223 28593 26172 11981 41489 17667 9306 22274 
n=11000::44063 31114 45565 30824 30143 47401 17808 21914 41912 12709 39019 31586 43034 40807 32318 31327 32862 64183 18176 26259 23550 50491 12777 14 62022 28711 27442 18858 28719 19018 39739 49269 45768 11233 33108 46507 42158 33608 19327 13213 14484 42589 55363 4028 14820 20993 40367 59175 16926 7573 
n=12000::4260 6458 52240 28018 21199 22994 23965 22571 45981 29396 12535 54477 51467 28726 33873 9298 12539 39406 2940 30229 12695 21283 40285 16481 38412 32322 21060 23292 46273 20259 36664 12981 56425 50525 10223 96084 34086 56634 43803 67943 20491 32163 23605 38278 15868 34897 9115 29031 3559 34432 
n=13000::742 20633 18504 33148 40207 34286 34694 30395 28517 29318 58188 18646 48856 33568 45816 57371 5869 62878 22334 51512 66254 22094 40191 35069 21846 10284 34700 38454 36577 13561 17140 57837 10308 28475 45287 38406 8797 56980 6713 39606 3066 64292 22456 33404 6286 92832 60596 23051 31379 74645 
n=14000::41282 43888 19190 32658 1722 52256 36109 28283 49943 19052 42781 67667 36871 51246 25476 30247 45978 43660 33381 66877 33905 13506 54938 38508 19280 43107 30774 52377 54587 17661 22375 72111 46235 55133 31202 13890 11529 7648 30766 39390 54007 18638 81387 28189 52400 35166 59061 18844 75591 41560 
n=15000::43963 40938 10164 46942 29569 18210 20497 23901 42026 17893 12985 20147 46090 10294 56581 53378 41108 19534 31932 69173 33907 39052 66095 74115 62123 42160 65982 45703 2287 23384 67572 9679 82177 34494 38540 26040 34021 31611 34867 36951 23707 36457 2169 26005 28909 25986 41678 68577 69147 33191 
n=16000::34530 23447 33502 59182 58921 30057 5402 73354 35980 50573 65165 52635 57778 144580 36139 62450 29796 64736 62858 61713 58404 13404 40672 69819 12577 105930 47176 33938 59076 19519 42566 71415 33443 18769 31960 24614 49810 34917 63002 21601 53572 34103 38228 56089 54459 12908 24022 70937 66331 26705 
n=17000::37444 76519 8213 61627 34770 44437 79008 85615 25261 17808 89671 3826 49471 64441 69284 62521 90834 85188 32066 25523 40829 22854 22955 58809 64075 41430 57455 68334 46569 36240 21377 15990 66373 31278 99715 64461 56222 50297 25970 36917 60362 61640 60860 23267 86922 46850 61320 83202 83701 63396 
n=18000::49179 39641 74061 28392 30225 70639 18294 43449 15590 83920 66289 36161 32405 48892 49012 48470 18808 13155 23947 17569 40501 89577 56161 55274 10683 42172 43678 11950 47084 32279 114950 59025 27798 30983 104761 110472 31043 24097 32101 24582 69081 36983 43948 30732 29396 82560 62408 34250 51214 73241 
n=19000::53954 62985 16564 39493 47772 37456 30192 61601 48379 94702 3909 46868 31590 110829 36029 32239 36592 49165 49323 56393 28601 66415 41706 83066 130038 42044 64024 23794 48546 21342 29122 110789 77382 22594 57841 23006 4647 65863 40232 13846 4434 45738 55723 52389 4294 38188 48744 68710 53466 196707 
n=20000::49322 73442 57939 44474 37012 62492 80509 111705 60797 85326 133263 19728 30913 32762 27480 38437 32359 57507 42747 146061 42653 50152 38608 5846 68213 71593 72236 87183 35964 13539 73131 70101 23898 57956 105842 85264 36303 62765 98920 45965 39173 61083 42604 66391 45906 57056 30341 52535 53546 3271 
n=21000::56282 37366 69195 2255 80676 98780 40851 84185 102329 43224 2474 98419 61298 37968 84417 40322 28431 80202 57103 15387 95522 130816 57720 60246 37509 49291 44882 77249 56866 94735 29218 27305 48474 150407 41449 94041 90047 29456 38374 57986 70550 135354 34271 55226 59332 62839 82664 4013 107788 24875 
n=22000::69358 51532 62693 111920 72969 57003 108568 84938 59549 40595 101201 48532 26589 55405 76556 97986 104130 72531 21003 68368 68567 64972 56607 59471 61858 32956 43537 91350 56431 23884 126099 51899 29160 66190 93754 56069 83450 53083 66711 11228 68562 64241 83186 96907 118315 65100 24024 14061 23039 18785 
n=23000::89727 52704 109590 141206 78686 167353 104866 66081 67066 51322 118768 43466 33185 48215 32313 54507 50573 23378 114346 82163 11797 26517 40312 85263 92257 77180 21382 29272 15348 37181 89670 136103 69327 71391 74797 32239 77331 53689 81521 14492 44409 57720 48651 60414 39435 7627 21839 127400 55119 36715 
n=24000::13531 57852 75330 25293 112134 53270 101555 4456 19973 71549 94887 2430 59244 24459 47084 28861 54419 77538 19404 35675 37292 106856 56347 48170 8974 26368 20170 96159 46532 83634 23264 64236 84669 77356 58489 127532 57550 43928 56859 38354 1558 133664 100323 23045 89091 58450 59173 96410 93640 90533 
n=25000::160932 37030 1464 91472 125640 24579 40112 117474 12663 51331 26632 31322 88558 82026 53304 71041 61415 67640 109274 58579 60407 105177 106329 82685 80234 51918 57836 120835 47103 43957 53560 101223 24841 58702 89676 102101 116499 74525 130274 170473 86652 80662 87078 68305 99972 118357 26135 77191 28919 16901 
n=26000::20023 73913 75611 89900 58382 24793 48429 32392 30239 51312 80984 52607 80133 53149 84588 112024 74614 56353 86025 78026 101129 99084 43599 105585 31812 101401 22319 71883 80134 47468 130528 53933 138176 41585 104172 92414 169051 71336 85641 85078 153247 117765 37343 115212 82412 87121 41787 103656 38963 44473 
n=27000::100779 65764 18820 50623 30412 85808 22621 65331 52350 5608 72020 64149 62340 96128 64592 148745 77076 198356 74317 263588 35371 70569 32134 97433 94338 73296 77885 60602 146439 34683 33947 2558 59067 30889 18046 66880 56672 47182 99795 34882 153663 70649 110911 18759 87388 33200 102199 69732 111811 62614 
n=28000::109283 73812 5053 87506 58677 92059 90922 164210 56283 130149 126539 53051 55763 138515 1521 92777 69938 120752 71186 78027 132641 108829 115360 72864 43865 18546 149584 75965 73379 66034 28256 67181 93081 37077 67444 4157 166232 53565 71376 59636 69581 68547 72867 113445 56191 111945 41917 15162 224825 30976 
n=29000::50559 81958 118863 63790 67838 40579 154757 54728 57079 172361 20074 82837 62731 74984 77247 16643 78717 17204 43275 67756 162387 149478 49507 5248 9051 125698 17973 47996 106999 66664 54319 62115 95883 142038 53855 81536 100766 53581 27608 172930 40062 51876 19689 129560 36816 3844 21998 120521 145921 93152 
n=30000::118116 78429 156973 59977 66822 57003 137018 49629 14631 76735 95877 46099 66863 133775 129668 45726 51077 91903 114118 87535 94213 61902 25988 85657 20205 80396 33739 102685 115359 93231 103487 76669 80069 125652 84040 102652 132253 183785 33959 147924 95499 177055 111713 80253 134588 173569 97637 108358 51491 22932 
n=31000::22337 118926 79081 174471 127068 140718 52945 53802 44423 275457 76699 107864 109335 53352 9962 30310 4066 28302 109072 87487 68479 69014 193743 72002 12096 100076 131647 39351 125881 93022 102950 2139 38559 54745 196943 51009 11263 208502 143843 54790 75671 33412 35935 52740 39864 140240 203136 50966 75008 83051 
n=32000::79254 115433 125423 73778 28930 32031 158929 214569 14943 163646 73269 65065 55458 138243 100913 51053 208790 166466 44218 59970 80489 139246 43932 73331 31844 35075 107508 170968 67474 14374 97781 121259 15417 97677 77124 40568 146098 11380 58406 260700 140626 120017 66948 47642 46996 138703 31648 62950 72754 93991 
n=33000::88885 149288 124396 48352 103672 142770 4176 149882 27554 102566 70928 154680 106001 68813 101964 37320 83307 70304 124571 112072 129796 64255 12091 93874 115474 118785 86681 119239 99546 115858 155121 83439 103797 39332 22381 72309 108301 118221 33789 112609 88142 86981 147013 57632 80388 94847 94706 124535 18778 32516 
n=34000::122871 65351 68488 117231 107204 137366 112756 29132 40004 169300 101021 39490 85029 95725 41135 15399 151586 139803 129759 110486 92663 99752 125842 56798 100227 94031 51236 13364 159090 291589 104309 134008 53485 81395 56886 214095 70918 80303 269659 89205 11400 61420 24903 202517 106514 14351 140847 215452 124248 12659 
n=35000::70072 136422 126973 270082 32136 17332 185620 91855 86612 167626 41310 70878 103896 131734 54647 37959 57019 246947 111875 86460 118995 8144 93951 198435 148212 28542 108618 119865 42769 34032 14799 130344 78204 104569 143712 75421 85117 155422 44065 71210 55909 93478 180386 134329 171859 130785 120281 49026 35198 53373 
n=36000::73609 140230 87309 117725 85412 142697 80673 194370 127356 31624 36004 123302 116391 119205 77635 132725 178654 48531 220713 95205 90042 97641 26373 16187 66420 178285 13657 60274 144806 93833 130300 51633 129307 9052 44945 122106 168996 57056 23180 200778 72912 58747 137671 28560 231653 216246 134002 99062 183163 11979 
n=37000::46934 82556 221217 50356 38529 218919 63851 34626 71220 116109 41911 95478 125831 101480 106459 173453 144580 25955 53023 141737 1477 102146 93478 17451 191496 129147 133128 89950 66333 57694 153581 112194 91644 74117 119471 124283 110429 127884 257727 174840 19548 69951 48200 154864 122602 10464 112023 46636 87755 122279 
n=38000::92699 176291 87939 138090 124781 115461 104279 149757 51368 96383 221136 139141 18514 50235 95144 93893 133481 38726 138073 41579 62257 58666 122710 66546 128276 35847 64242 227284 99311 172832 100329 148417 62422 80318 63045 70784 89548 180140 91575 87197 49044 25650 102487 71749 105140 128042 48369 36217 111114 42240 
n=39000::151718 114763 111374 38742 211908 101651 27706 74807 192187 41391 85332 50712 75624 926 104325 142923 86526 140533 107384 311167 100420 111018 12072 146493 208408 92304 109180 69508 30068 64095 112609 87461 160289 135743 82367 279174 102801 158305 161837 161291 104525 108800 99216 17092 204951 124873 148337 117585 81888 202231 
n=40000::106335 156360 53099 20061 94020 98842 76054 47920 66397 162304 116022 179538 102355 63348 91100 80810 133726 192075 224232 192750 140550 55576 140159 41182 118051 157273 131793 46078 125071 62422 166986 169042 152931 67772 184569 70358 67779 142322 169269 225755 20709 187816 45824 260539 181490 105371 21059 102847 235248 89485 
n=41000::113799 185290 26147 46169 140214 54039 109211 134429 100404 1334 182347 92121 34760 131762 186278 99110 153012 91339 104812 90089 118959 68939 87824 72200 71330 6539 45230 79642 57292 191438 44594 61052 161343 59745 188702 47191 178155 3220 181787 233587 84333 67787 204486 111218 209740 135672 135798 67470 168644 177138 
n=42000::11668 131101 45105 42664 4679 91392 99144 43125 144955 37504 142042 47120 148555 154962 30813 135970 181031 48639 73888 183112 111280 61134 200355 219959 29177 56572 25829 218030 28335 107787 94321 130142 107687 73065 137279 174479 83390 12593 86016 77712 161635 58061 27123 60113 86093 165968 31599 125399 98806 81843 
n=43000::140376 21441 172024 244409 226402 220896 103182 98710 120247 110754 25005 400817 167515 122209 99725 145182 59935 47250 204467 59825 131450 108953 97883 15561 255125 63310 112624 4682 81661 117760 45002 70494 134386 124687 148408 98706 185114 117276 87883 166719 51391 147820 118268 283638 141974 169885 69734 83670 174466 134570 
n=44000::12224 323765 208672 165497 165348 165952 182613 94149 130589 86926 108526 164236 138153 189796 115780 154419 131736 96476 45517 46452 185401 208075 126692 91232 86585 196290 17342 82723 42623 153182 174087 113491 72729 137778 114781 198359 101034 95676 7068 66709 97427 54981 218063 44575 215964 57601 166220 76403 62456 252812 
n=45000::255263 276355 166190 146767 167667 171575 171116 76170 54918 26065 111184 114011 143906 92457 101963 85575 240789 96254 156133 74419 108194 130242 60516 12276 111613 265839 113457 99628 20734 40535 21683 88373 74063 158882 120727 110625 102824 121273 112910 144971 150936 75610 352638 150540 191184 110105 54174 170351 50225 48804 
n=46000::93975 177807 323016 64267 94352 56073 237390 66959 176630 49166 135134 182689 64546 90527 129658 152720 123800 245110 151897 94314 31217 83986 92043 258114 204507 95232 13153 200625 154498 189993 146074 28055 139410 185622 5266 182044 156124 93788 147451 157000 82694 75582 108012 264830 167252 126583 47499 130491 129076 87272 
n=47000::145554 81655 98664 149478 140904 90518 34430 163738 88636 120908 82171 53484 43030 172473 180383 115849 34746 168929 130354 98481 183112 69303 124713 1789 83743 73325 34103 36447 52668 65141 81907 130395 151782 122682 137557 262279 66495 65614 90457 279463 357165 68491 191580 263295 22381 201986 157941 140475 88952 59633 
n=48000::15695 20134 10374 155320 229204 68496 100047 226155 120031 137538 81179 198797 24745 238281 105475 146729 148748 168734 150649 215013 167119 132077 223720 63014 149099 162503 49874 294059 169662 53367 178646 109738 117993 89291 76797 181943 76846 173090 107962 128268 157339 138636 71879 227468 157128 171841 120725 118827 168332 168462 
n=49000::89253 71623 33209 41433 122313 204384 137153 135733 194617 245587 202449 250678 166935 215708 71267 41955 53944 240389 119088 187299 159269 99292 62245 134401 49409 300411 176829 47302 150042 224557 162874 80364 190825 120773 208481 142265 271241 166850 103511 237607 16581 102521 161972 113088 166540 427865 103424 149582 218284 205240 
n=50000::124792 125723 208133 67482 9518 148826 298245 200298 121810 111433 169383 200123 114849 23872 238142 62845 150458 91359 335653 111309 71911 29446 242400 188495 71979 279753 157901 95185 171151 46243 60972 25639 82748 87585 152336 3892 42696 111974 99032 67650 44148 68869 117933 146591 258140 49160 69187 97068 142580 66442 
n=51000::136650 99506 74568 72852 97249 129572 226268 158251 182904 137750 170689 202184 57637 170459 129630 147759 166891 181035 121909 303261 88288 76309 153528 238808 89937 45298 44611 232145 212865 122195 261529 36137 160459 225537 3601 85134 104639 116584 123911 113345 71323 160313 181218 137015 162020 206740 105517 79946 43740 120600 
n=52000::159642 60748 87123 92247 91886 107932 134632 147124 243268 82635 190313 179336 89679 158780 275429 197989 193756 43130 59028 177418 177165 140057 102147 178132 116724 64754 2937 154495 111886 62879 217350 73997 365098 3749 193321 125182 211292 58132 9305 229888 113867 94075 168200 214460 198571 183143 23752 143342 133222 14769 
n=53000::86941 200589 116036 55192 104957 178956 146604 54878 207516 74989 41584 129404 68105 137892 104267 174320 203808 84932 188291 187705 6175 168011 123396 171166 196320 170970 189373 96268 58716 80335 198410 98417 112700 54112 267083 88622 88206 135232 201349 39028 127533 210599 128141 151072 147208 111581 347005 165166 210603 276255 
n=54000::32964 133856 183193 123775 89176 197465 183225 171524 77149 419 248873 53831 24810 124605 77759 199755 94831 68296 99387 99527 90077 344679 26235 148063 8582 148331 129857 168032 190790 61843 166400 167313 75103 226728 236137 148398 164227 135265 205550 168564 159183 141395 103077 304793 143023 214694 93420 157031 83599 160275 
n=55000::75208 142168 183135 335952 251181 132243 90250 117678 91677 80267 353092 67297 127459 123426 173628 97229 101922 50324 138265 155816 173103 209662 128591 66015 237585 54071 237868 8549 206358 422669 144910 288959 247750 110921 33806 257752 154213 98901 168254 56030 209619 118091 227460 131922 157684 201435 240048 196635 129609 61843 
n=56000::100978 198644 219485 79705 113481 138401 101653 174023 84421 158801 254755 195978 177595 79216 12414 15634 176839 234876 148110 301277 240586 85103 181177 234716 90661 125989 71022 36985 147796 96823 172885 299673 270070 175240 104980 333138 176936 198676 125624 175402 287541 56252 347220 192508 126707 211768 262649 127635 148363 158746 
n=57000::177756 41040 213281 128245 47891 267227 166613 242561 131363 169501 146567 193806 328666 99031 67264 67879 190118 124275 41606 207096 64008 168586 70638 77834 113021 209865 204336 261587 333319 27049 111626 206100 156528 280117 261296 196446 181094 153696 123220 122443 79162 192535 272679 88407 235170 131215 119701 150637 222813 122413 
n=58000::350558 120684 66904 71063 108304 162842 173484 238748 94295 103695 411155 84159 212809 129821 91832 111940 205669 101503 247353 239085 96615 55360 135398 146307 133534 267526 187527 390797 192881 162267 493144 99650 120112 155063 257111 76991 112343 36182 265691 165061 11176 101926 125817 48528 247818 183779 24322 220757 96103 123071 
n=59000::140748 117622 102011 158397 225130 90031 131419 78722 39460 127079 164445 266190 71654 42872 145288 265804 226696 223927 18638 214715 137974 200817 322887 179554 218767 238694 179255 171940 227496 320505 245333 227133 31924 46601 151056 238961 81960 36449 119940 68760 194260 15312 222585 141734 113010 300236 157919 187091 47314 157963 
n=60000::106544 276287 203534 269575 147452 74746 260805 84368 287734 277981 70051 6130 138704 115299 124288 62598 43052 174518 172568 134734 286252 237294 6724 43130 493649 475272 57433 103217 99974 232907 51888 342055 75600 83785 314431 212294 248059 363215 169630 184689 109652 37051 83697 62513 504644 283870 212770 189294 159470 97780 
n=61000::119485 180338 228108 167882 76216 193192 134345 171600 43354 13170 175347 236231 195559 42228 245691 175578 87158 219729 305968 83751 256352 244359 256035 34208 189864 159394 39157 15550 362572 189914 168118 114804 5621 141894 198938 260151 147355 296859 385897 67656 94304 244176 156963 545790 112115 207128 88304 245025 93217 233054 
n=62000::129779 122801 306064 328419 206307 109242 161805 303321 247617 53371 151258 278728 152722 203935 90954 58901 250503 207488 231777 126524 66812 545402 158398 156783 397210 303326 230219 31237 195293 2114 329753 275872 139228 64758 281999 276945 486375 119347 171828 184017 231647 110936 197722 232898 282367 149410 149896 89239 144435 92017 
n=63000::268243 213663 189202 51782 252574 223431 207677 154559 230144 220312 166481 118194 178521 239513 202946 47534 261482 194604 258414 265868 163118 372553 96965 95003 109668 124727 208612 101150 86875 340923 235631 2352 238831 114936 264361 179218 92835 269227 214390 166990 152441 122989 156032 321825 151939 115706 13540 230989 258372 199754 
n=64000::110336 365822 214653 92320 195682 168349 66309 434104 269764 93381 101401 65315 224186 123232 80315 313010 21951 150293 170395 155514 60780 177583 276463 111175 130544 177526 249037 184842 197743 154893 300731 257910 106031 263463 130415 83167 193530 55368 135567 76410 86146 157409 234145 183921 242739 261058 160445 242055 81142 238503 
n=65000::235877 169154 156097 173852 57330 183185 105133 189666 216845 335772 171797 262114 259161 43274 142318 151082 172486 84315 272371 118496 138086 289466 265015 127712 59457 164330 262612 63235 124931 44258 277543 166801 183679 266462 3064 171179 230551 204906 118800 158521 189107 83208 215994 12762 192772 198308 162536 100846 251191 210632 
n=66000::217601 174568 149246 83860 315159 189149 61208 120469 37051 220306 399325 214966 185305 151680 357130 127204 157389 100551 104566 66750 161827 95753 190433 309501 184495 170425 293973 96686 42916 141315 64276 246331 309765 318426 136377 96137 83743 40726 58574 114748 175044 284292 213496 86204 380552 179034 309502 276740 139525 368065 
n=67000::289579 44198 244689 453508 216144 210966 146373 198759 58937 21037 225897 153167 183598 88825 46532 7510 142082 419657 120887 180646 148165 225559 250014 255259 173546 6927 290992 256763 234075 136688 206747 160509 91546 47209 434544 89925 159457 303870 292005 185862 4792 178479 142639 202516 141413 80910 252557 41604 182238 215236 
n=68000::258849 161373 314066 25594 421485 106591 247539 283150 258037 49889 246225 88515 79433 198467 139927 110539 450925 281770 48966 425926 206967 179916 253807 318088 190982 106540 139909 272792 27918 228756 101106 276558 373440 193966 209778 123411 188622 64382 21537 359619 183875 249760 202251 151887 220046 12116 125900 168378 165088 146233 
n=69000::226411 126606 167218 369517 231698 178115 139639 181668 171500 228033 135494 387474 118267 382244 241141 98213 137183 105535 339586 191692 204040 156708 170015 284656 169598 80072 38060 232368 209722 125150 108643 12346 185444 127407 177910 98841 82498 578873 133157 57039 225436 184293 235691 120240 129013 225920 77887 36183 132220 363521 
n=70000::334828 339260 186291 514177 315447 136263 246260 48214 261047 104259 171946 59160 386083 159982 139539 258318 220821 240161 102058 99941 236562 291470 29601 164443 203762 213185 175013 85586 141872 380725 219425 136907 274887 168059 149861 327178 122099 265406 302793 238098 98731 286419 229440 174446 508444 58245 315021 72381 264551 424912 
n=71000::185812 131921 228362 30796 36683 242340 236655 133094 315092 270128 260502 146613 174759 138294 450090 251725 64687 208651 167887 13798 256149 211664 394364 523263 462294 172513 18382 334703 124288 119767 470392 171409 318035 323391 155887 150349 355059 99588 247144 139295 26640 128752 273546 99803 17273 253297 247092 89474 413316 61317 
n=72000::95315 255356 182089 139206 81936 224427 225391 247739 239487 252821 170778 227836 266816 215171 117795 164775 196108 111701 202855 340895 234935 322362 215857 10637 30365 472640 275512 95075 353349 479591 90660 244291 129878 229168 389278 157101 58192 253352 11399 364563 206333 574924 240096 145194 72986 381690 399419 238200 203276 262894 
n=73000::118589 215332 170011 104039 196475 373134 270417 305044 244322 218923 129899 264256 61477 404148 204528 71197 204414 198622 274645 197552 383330 34495 65550 182276 125101 203590 320255 154278 21196 25111 154030 266344 96345 199893 211519 75523 137010 249385 152095 78957 237433 112191 162364 171605 7545 274782 237721 158865 70782 267731 
n=74000::244944 225196 67851 232533 1504 147625 191150 44072 14640 96210 201452 116956 31045 218219 278162 386482 310789 119867 238186 87914 14912 136100 268529 223574 159664 284672 84259 74879 335892 117187 225317 197948 198673 188529 69840 433679 123557 267589 171046 67409 129072 390236 1500 165058 286622 75215 238012 239317 127627 246178 
n=75000::82492 160595 163679 488769 232756 226526 130904 144589 545879 55626 431047 74782 256785 357623 42822 85085 100110 116930 227604 213862 316869 264943 152795 384753 167668 122034 177581 175505 191211 230255 331218 168039 412506 165610 285816 110489 274365 97865 31977 35928 229094 203423 262881 76733 282981 310967 291952 148593 71097 284622 
n=76000::259281 90864 241264 154511 295981 485791 121285 308484 194199 216331 451421 190842 143048 55914 153368 69868 232700 105194 211876 105762 291835 283340 78963 218507 323802 198649 139402 282309 322788 80841 420364 108764 235509 36454 166191 72902 195674 85284 251999 257027 146626 31072 263715 424112 246271 87360 221465 172086 230912 97812 
n=77000::181397 304135 457272 227122 382156 80490 334176 124988 204614 366506 64432 271760 511183 103358 581038 159843 206833 521679 282777 333586 128974 659715 130498 281333 145954 82686 268945 100639 280334 235843 254629 395788 448935 131810 150588 237352 70414 240573 95242 231134 77083 233882 229166 82139 202161 89903 182378 59633 48133 133528 
n=78000::616637 325370 33723 233065 300030 166086 228936 73507 291512 269970 35365 176637 200951 245052 279802 204621 416898 257062 400447 301930 93894 296685 319563 354843 161658 194194 171339 218409 255166 365927 80427 138507 143109 169001 153398 413094 493253 240341 306008 227199 90669 225879 143165 316055 566371 141587 232223 223738 80126 109494 
n=79000::430446 153539 348437 87706 137535 249212 247533 134615 430108 211045 282704 343797 78393 46362 183488 238660 257596 143868 99231 174872 414627 321257 209019 81633 105113 286527 193170 334718 162813 335540 15487 214502 500887 75995 162396 338175 14126 336723 252544 351717 402067 12473 187292 285527 188287 31901 262514 101086 171055 221145 
n=80000::131042 186904 279027 295886 152344 25162 125274 304581 200088 155943 151244 259202 200386 72602 284995 212236 584374 314312 439341 252854 171103 119292 247943 184990 266670 20715 299870 75926 128486 394384 311272 142075 493365 300805 370007 463044 289609 271124 101856 285002 102114 162406 421213 258676 125992 140814 366668 252757 317560 266871 
n=81000::221227 255950 10065 282782 144584 102962 10953 57475 55473 267186 231060 114780 350592 158534 195363 276265 276727 96871 186173 288779 370542 178339 111879 160571 150058 257621 285279 149923 391463 208134 288646 512709 356952 311495 238397 144502 178780 275915 363887 408447 207618 337752 239485 179502 315019 161897 391171 198009 165169 420491 
n=82000::355756 393560 225438 218323 377864 65143 214211 100859 87987 86324 262272 327328 208692 298048 130592 335768 194849 227141 73384 218480 205678 268464 99963 122209 207475 216392 107683 105356 309356 335011 289724 286397 181749 270047 152011 146741 229237 263065 42501 149327 298076 874641 247499 14291 263249 165207 85719 224542 157682 209559 
n=83000::20669 25987 253831 143643 180312 183311 241105 118245 171804 206391 99643 431290 40349 482359 141389 425008 159717 385499 234417 21517 73595 294177 233705 85898 181988 38813 371655 160558 352363 146675 150338 132613 335470 257354 143547 140530 108253 142199 88228 111221 261866 2376 277366 323133 272032 216819 210915 605966 240805 291151 
n=84000::172731 209763 146263 199443 103562 164511 144410 12667 29171 192409 372088 211525 368473 188429 105535 286028 335921 134484 250442 207161 159087 206318 205350 485805 228278 185785 295473 227264 346275 292613 88727 305575 230464 280759 387177 320412 466587 150598 232502 534143 11407 251260 279231 240265 166994 124833 159190 227892 2743 197419 
n=85000::211053 189945 639305 159567 356127 169215 113237 32827 22412 94773 201136 225384 174941 141863 224489 232850 147201 233464 77494 499835 147934 324372 215476 130174 218521 226970 225409 461122 410086 227578 324167 24484 243072 165349 161228 359001 211189 153465 68630 346277 315759 148193 210877 100918 109977 213935 156579 219402 144219 151976 
n=86000::183556 363407 35303 232893 315030 41387 115253 104788 280784 109257 318308 362535 264616 206085 270635 241578 261539 370423 153792 275391 194318 147000 230355 27972 247808 160339 101801 250626 455759 166279 313852 334774 154510 243068 246885 369115 255481 219544 294935 198992 231104 268421 385304 127397 312651 422360 291117 231367 218065 233717 
n=87000::406089 547724 202815 160771 223217 278932 211276 560411 272426 239636 196165 169933 219270 30088 195603 127824 229177 223489 91653 97835 258758 185815 144258 247053 159599 419387 198487 57807 171925 325723 108536 362338 521167 145259 317195 11356 407574 533167 201556 151494 266489 437354 490134 391972 13743 288566 146927 242652 188838 212805 
n=88000::168725 376413 10092 119345 141460 320075 162232 21272 149044 225495 433016 116978 206348 233536 182269 156094 447551 240904 179500 628596 271114 188237 268519 236884 175526 170624 174502 270866 220724 180592 292256 196464 134904 204499 29106 333357 46019 252669 237296 384682 277575 171636 121552 230384 381695 382523 1926 452632 169987 181554 
n=89000::37446 88145 62747 319178 180419 9385 46208 205506 209315 24371 224152 382540 430554 388225 297810 69668 253098 252141 328288 229134 353615 208911 319844 221364 200581 202722 399510 121422 383829 768104 232186 288654 208456 115189 194642 112700 328403 100835 388797 73185 396250 170825 230255 425688 506703 304675 308645 124920 295580 241684 
n=90000::273706 294218 60509 412839 246779 69937 177654 239233 238311 316315 237270 641939 248229 362338 254093 417842 29737 250840 92512 56135 230438 253168 307396 229225 73569 377890 400983 72687 189651 132496 158692 280489 272462 199161 383231 240762 65410 205132 159435 220017 263472 226610 447311 217260 107954 150761 55977 286078 145580 4936 
n=91000::189448 53575 178671 197028 187440 113541 120386 98656 241792 495926 371073 132614 365012 56885 98847 38539 394667 328164 313774 142853 131585 147809 47515 211750 362985 382218 274833 297591 185290 129917 252093 538983 19823 108763 187595 16071 222199 244955 63296 66970 149628 281146 73477 292575 225785 339205 284139 509341 329816 248238 
n=92000::188702 541930 224925 215693 173830 229823 403979 429119 143592 189460 48760 140110 175404 307349 216616 105858 12642 3820 445531 332156 233064 279877 157606 189908 453504 212658 252072 154996 387287 109040 221174 182483 59223 363729 69853 376548 57995 269122 76073 82317 314988 349309 28063 181435 307952 262516 194771 139561 165106 332483 
n=93000::33239 231588 150442 547237 158626 507395 414180 343063 412156 93447 353442 179232 89655 220928 20144 501382 101503 101165 200195 486775 204602 238286 507956 266691 435174 190273 241802 363585 313039 49778 90878 158509 617412 584541 286565 319240 255193 216312 378673 255689 260512 179151 28534 239715 642030 98269 206442 402365 357981 416756 
n=94000::246951 175460 308052 497197 253222 298704 460847 290235 73948 262747 484962 292152 215239 224078 235924 291163 318027 322219 261554 43618 439371 133100 314318 173109 11504 159477 278968 212886 14360 312932 13645 144560 645011 247489 349884 371431 233992 315594 210951 103148 261820 154232 168265 26456 191511 136309 297187 290817 12938 179230 
n=95000::358825 212212 178308 90085 142924 369296 228963 222875 111595 447089 599288 446343 269916 36111 212520 234703 300401 150990 325615 237790 188286 146684 414279 152548 69905 346229 194959 78747 63757 329753 331244 103032 267226 204094 189224 374232 122291 294434 225280 449954 368386 59497 224534 220630 6724 333660 124797 202621 549532 74917 
n=96000::320998 161957 167698 231270 328363 200474 125907 145380 373664 418379 259452 142913 178769 238383 364849 150589 59804 223811 127255 267414 290390 57044 218313 648735 401366 105429 87976 216271 198641 414182 258725 455076 271089 35412 134418 217914 388613 274180 363601 228859 210922 329877 193036 386389 436071 314670 227991 271008 326089 689869 
n=97000::268936 76707 248891 249585 55534 390979 404870 295591 43346 275062 159917 233511 416679 271991 430140 217451 502112 211740 161236 247052 263135 173794 286246 424265 247513 45308 123198 92003 337949 140553 328630 203460 261374 280253 144122 148641 258200 494967 228090 312333 295627 333659 246133 280966 404378 85895 406763 329389 185595 225347 
n=98000::107852 211708 213687 85350 169572 156543 303900 310103 105471 187397 98449 217853 344182 53059 68047 385209 315418 394424 177793 317478 665405 240048 289106 63065 553061 582475 225514 164290 267014 115315 421053 164561 302016 269564 259905 373195 533220 40237 241358 507479 255874 431335 164228 93495 257340 49253 149987 365981 187914 229326 
n=99000::165772 282364 172773 405954 21800 197630 464697 180262 380470 338476 147199 287641 191958 274476 234528 105958 361429 277260 342437 255338 489224 260023 120944 346717 113653 319319 384100 345553 135300 409386 267030 263645 213074 161641 666277 451350 178995 331795 287527 247486 389871 183919 347618 681993 617675 727570 479130 400048 60751 197534 
n=100000::245312 181013 337536 265515 65702 425312 505613 194767 389766 345738 120094 99059 161507 277746 243789 228262 649745 8839 138190 434751 258822 121415 230787 340674 230692 246189 521446 241715 410749 499682 349695 48996 183103 123363 227262 236784 162899 525668 332198 201231 339074 264803 106351 585348 2555 220453 338746 357392 277852 209521 
