n=1000::5 6 7 6 5 5 6 5 5 6 5 5 5 5 5 5 5 5 5 6 5 6 5 6 6 5 5 5 5 6 6 7 6 5 6 6 5 5 5 6 6 6 5 6 5 6 5 5 6 6 
n=2000::5 5 5 5 7 5 6 6 6 5 6 6 6 6 5 5 6 6 6 6 6 6 5 6 6 6 5 6 6 7 6 6 7 6 6 6 6 6 5 6 7 6 6 6 6 5 6 6 5 6 
n=3000::6 6 6 6 7 6 6 6 6 5 6 6 9 6 5 7 7 6 7 5 6 6 6 6 6 6 6 7 5 6 6 6 6 6 5 6 6 6 5 7 7 7 7 6 6 6 6 6 6 6 
n=4000::6 7 7 6 6 6 7 7 6 8 7 6 6 7 6 7 6 7 6 7 6 6 6 6 6 6 6 6 5 7 6 6 6 6 6 6 7 5 6 7 6 7 6 7 6 6 6 6 6 6 
n=5000::5 6 7 5 7 6 7 6 7 6 6 5 6 6 6 7 8 6 7 6 6 6 6 7 6 7 6 8 7 6 8 6 7 6 6 6 6 5 6 6 5 6 7 7 6 6 6 6 5 6 
n=6000::7 7 6 6 7 6 6 6 7 7 8 6 7 6 5 7 6 7 6 6 6 6 7 6 7 6 7 7 7 6 6 6 7 8 7 6 7 6 6 6 6 6 6 6 6 6 6 7 8 7 
n=7000::7 6 6 6 6 6 6 6 6 6 7 6 6 7 6 6 6 7 6 6 7 6 6 6 7 6 6 6 6 6 6 6 7 6 7 6 7 5 7 10 7 7 8 7 6 6 8 8 6 6 
n=8000::8 6 6 6 6 7 7 6 7 7 6 7 7 6 6 7 7 7 6 6 8 8 6 8 7 5 7 6 6 7 6 6 6 6 6 6 8 7 7 7 6 7 6 7 7 6 7 6 7 8 
n=9000::6 7 7 6 7 7 6 7 7 6 6 6 6 6 7 6 6 6 7 7 7 6 6 7 8 6 7 6 6 7 7 6 7 7 7 7 7 7 7 6 7 6 7 6 7 6 6 7 6 6 
n=10000::6 7 6 7 8 6 6 6 7 7 6 6 6 6 7 7 7 8 6 6 7 6 7 8 6 8 8 7 6 6 6 6 7 6 6 6 8 7 7 7 7 6 8 6 7 7 8 6 6 7 
n=11000::6 7 7 6 6 7 7 6 7 7 9 7 8 6 6 7 6 7 7 7 7 8 6 7 6 7 7 7 7 7 7 7 7 6 7 6 7 8 7 6 7 7 6 7 6 6 7 8 6 8 
n=12000::6 7 7 7 6 6 6 9 7 6 7 7 7 6 7 8 7 7 6 6 7 6 7 6 8 8 6 7 6 7 7 7 7 7 6 7 8 6 6 7 7 7 7 7 6 7 6 7 6 6 
n=13000::6 6 6 7 6 8 8 6 7 7 7 6 7 9 7 6 7 8 6 7 8 7 7 7 6 8 6 7 7 8 6 7 7 6 6 8 7 8 6 7 7 7 6 7 8 6 7 7 7 6 
n=14000::7 8 7 6 8 7 8 6 8 8 6 6 7 7 6 6 8 6 7 7 6 7 6 6 7 6 6 7 8 7 8 7 7 8 7 6 7 7 7 7 7 6 7 6 7 6 6 7 6 6 
n=15000::7 7 6 7 7 9 7 6 7 7 7 7 8 8 6 7 7 8 7 7 7 6 7 7 7 8 6 7 6 6 8 7 6 6 8 7 6 6 7 7 7 8 6 7 6 7 7 6 7 7 
n=16000::7 7 6 7 6 7 6 7 6 9 7 6 6 7 7 8 7 7 8 7 7 7 6 7 7 6 7 10 8 7 6 7 6 7 7 7 7 6 7 7 6 8 7 6 7 7 7 7 6 6 
n=17000::7 7 8 7 7 7 7 6 7 6 7 7 7 6 7 8 7 7 7 7 7 7 7 6 7 6 7 8 7 7 7 7 7 7 7 7 7 7 7 8 6 7 6 7 7 7 7 6 7 7 
n=18000::7 7 6 7 7 6 8 6 7 7 7 7 7 8 8 7 8 7 8 6 7 6 7 6 7 7 7 8 7 8 6 6 7 7 7 7 7 6 6 8 7 7 7 6 7 7 7 7 6 7 
n=19000::7 7 7 7 6 8 7 7 7 6 7 7 7 7 8 6 7 7 7 6 7 6 7 7 7 8 8 7 7 7 6 6 7 6 9 7 8 8 9 7 8 7 7 7 7 7 8 7 6 7 
n=20000::6 7 7 9 7 7 7 7 6 7 8 7 8 7 8 7 8 7 7 8 6 6 6 7 7 6 8 7 7 7 8 7 7 6 6 6 6 7 7 7 7 7 7 7 7 7 9 7 7 7 
n=21000::8 7 8 8 8 7 8 7 8 7 7 7 6 8 9 7 6 7 8 8 6 6 8 7 7 7 7 8 7 7 7 7 7 7 7 7 6 7 8 7 6 6 7 7 8 7 7 7 6 7 
n=22000::7 8 8 6 6 7 7 7 7 7 7 7 8 8 6 7 7 7 7 7 7 7 7 7 6 6 6 7 7 7 6 7 6 7 7 7 7 6 8 7 7 6 7 7 7 7 7 7 6 7 
n=23000::7 7 6 7 7 7 7 7 6 7 7 6 7 7 8 7 6 7 7 7 7 7 8 7 7 7 7 7 9 8 7 7 7 7 7 7 7 7 7 8 7 7 7 7 7 7 8 8 8 9 
n=24000::7 7 7 7 8 8 6 8 7 7 8 8 7 7 7 7 6 7 6 8 7 6 7 7 7 8 7 7 8 8 7 7 7 8 8 7 6 7 7 7 7 6 7 7 7 6 7 7 8 7 
n=25000::7 8 7 7 7 7 7 7 7 7 7 7 7 7 7 7 7 8 7 7 7 6 6 7 7 8 7 7 6 7 7 7 6 7 8 7 7 6 7 8 6 7 7 7 7 7 7 7 7 6 
n=26000::7 7 7 7 6 7 8 6 6 8 7 7 6 7 6 7 7 7 7 6 7 6 7 6 7 7 6 8 7 7 9 6 8 7 8 7 7 8 8 8 7 7 7 7 7 7 7 7 8 7 
n=27000::7 8 7 8 7 8 7 7 8 7 7 8 7 7 7 7 7 8 7 7 7 8 7 8 7 7 7 7 8 7 7 7 7 7 7 7 7 7 8 7 7 6 7 6 7 7 8 7 7 8 
n=28000::8 7 7 7 8 7 7 7 7 8 8 7 7 7 8 8 7 7 7 8 6 8 8 7 8 6 7 7 6 7 7 7 7 6 7 8 6 8 8 9 7 6 7 6 8 7 6 7 7 6 
n=29000::7 9 7 7 7 7 7 6 7 8 7 7 9 7 8 8 7 7 8 7 7 7 7 7 8 7 6 7 6 7 8 7 7 7 7 7 7 7 7 7 7 7 7 8 7 7 6 7 7 7 
n=30000::9 7 8 8 7 6 7 8 7 7 8 7 7 7 6 7 7 6 7 7 8 7 7 8 8 7 8 7 7 7 7 7 7 7 7 7 7 8 7 7 7 7 7 6 7 7 6 7 8 7 
n=31000::7 7 7 7 7 7 7 9 7 8 7 7 9 8 7 8 7 7 7 8 8 7 8 8 8 7 6 9 8 7 7 7 9 7 8 7 7 7 7 7 7 7 7 7 8 7 8 7 8 7 
n=32000::9 6 7 7 7 6 8 6 7 7 7 7 7 7 7 8 7 7 7 8 7 8 7 7 7 7 7 7 8 8 7 8 8 7 8 7 7 6 7 8 7 7 8 8 7 6 7 8 7 7 
n=33000::9 8 7 8 7 7 7 8 7 7 8 6 7 7 7 10 8 7 7 7 8 8 7 7 7 7 7 7 8 6 7 7 7 6 7 7 7 8 7 10 7 7 8 7 8 7 7 7 7 8 
n=34000::8 7 7 9 7 7 8 7 7 7 7 7 7 7 8 7 7 7 6 7 9 8 8 7 9 7 8 7 7 7 7 7 7 8 7 7 8 7 7 8 8 8 7 8 7 7 8 7 9 7 
n=35000::7 7 8 7 8 7 7 9 7 8 7 8 7 6 7 7 8 7 8 8 7 8 9 8 7 7 7 9 9 7 8 8 8 9 8 8 7 7 7 7 9 7 8 7 8 7 7 8 7 7 
n=36000::7 7 7 9 7 7 7 7 7 7 8 7 7 8 9 7 7 6 7 6 7 7 7 6 6 7 8 7 8 7 7 8 8 7 9 7 6 6 6 6 8 7 8 8 8 7 8 7 8 7 
n=37000::7 8 7 7 7 7 7 7 7 7 7 8 7 7 7 8 7 7 7 7 7 7 7 7 7 8 7 7 7 7 8 7 7 7 8 7 8 7 7 6 8 8 7 6 8 8 7 7 7 8 
n=38000::6 7 9 7 8 9 7 7 8 8 7 7 8 7 7 7 7 8 7 9 8 7 8 8 7 9 9 8 7 7 6 7 7 7 7 7 7 7 7 8 7 8 8 7 7 8 7 7 6 7 
n=39000::8 7 7 7 7 7 7 7 7 7 6 8 8 8 7 7 7 7 7 9 7 7 8 7 9 7 8 7 7 7 7 8 7 7 8 8 7 8 8 7 7 8 7 7 8 7 8 7 7 7 
n=40000::7 7 7 8 7 7 9 7 7 8 6 8 7 8 8 7 8 7 7 7 8 7 7 7 7 7 6 7 10 7 9 7 7 8 7 7 7 8 7 7 7 8 6 7 7 7 8 7 7 7 
n=41000::7 6 7 6 8 7 7 8 8 7 7 8 7 7 7 8 7 8 7 7 8 7 8 7 7 7 6 8 8 9 8 8 7 7 8 7 7 7 7 8 8 7 7 7 7 7 8 7 8 7 
n=42000::7 7 8 7 8 8 7 7 6 7 7 7 7 8 7 7 7 8 7 7 7 7 8 7 7 6 7 7 7 7 7 7 7 7 7 9 7 8 8 7 6 7 7 7 8 7 8 7 8 8 
n=43000::8 7 7 7 7 7 7 7 7 8 7 8 7 7 7 7 7 7 8 7 8 8 7 8 7 7 9 8 8 7 7 8 7 6 8 7 7 7 8 7 8 7 7 7 7 7 7 7 8 7 
n=44000::7 7 7 7 7 10 7 8 7 7 7 8 7 7 9 8 7 8 7 7 7 7 8 7 7 7 8 7 7 8 9 7 7 7 7 7 7 8 7 7 8 8 7 7 7 7 8 8 7 7 
n=45000::8 7 8 7 9 8 7 7 6 7 8 7 7 8 7 7 7 8 7 7 9 7 7 8 7 8 6 8 8 7 8 8 8 7 7 8 9 9 7 7 7 7 7 8 7 7 7 7 7 7 
n=46000::8 7 7 7 7 7 7 8 7 7 8 8 7 9 7 8 7 7 8 9 7 7 8 7 7 9 7 7 8 7 7 9 7 7 7 7 8 8 7 8 7 7 7 7 8 7 7 8 8 7 
n=47000::7 7 8 7 8 8 8 7 8 7 7 7 8 7 7 8 7 7 8 7 8 7 8 7 7 7 7 8 7 7 8 7 8 7 8 7 8 8 7 7 8 7 8 7 7 7 7 7 7 7 
n=48000::7 7 7 8 7 9 7 8 7 7 8 7 7 7 8 8 8 8 8 8 7 7 7 8 7 7 7 7 8 8 7 8 7 9 8 7 8 7 7 7 7 7 7 7 7 7 7 10 11 6 
n=49000::8 7 8 8 8 7 8 7 7 9 8 7 8 8 7 9 8 7 7 9 7 7 7 7 7 7 8 7 7 7 7 7 8 8 7 7 7 8 7 7 7 8 7 7 7 7 7 7 7 7 
n=50000::8 8 8 7 9 7 7 7 7 7 8 8 7 7 7 8 6 7 8 7 8 7 7 8 7 7 7 8 7 8 8 9 7 9 7 8 7 7 8 7 7 7 7 7 7 7 7 7 8 8 
n=51000::7 8 10 7 7 7 8 7 7 7 8 7 7 8 7 8 8 7 8 8 7 7 7 8 7 9 7 8 7 7 7 7 8 8 7 7 8 7 8 7 7 7 8 7 8 7 7 8 8 7 
n=52000::7 7 7 7 8 8 7 8 7 8 8 8 7 7 7 7 7 7 7 7 8 7 7 7 8 8 7 9 8 7 10 7 7 7 8 7 7 8 8 8 7 7 7 8 8 8 8 7 7 6 
n=53000::8 7 7 8 7 9 9 7 7 8 9 8 7 7 8 8 8 8 9 7 7 7 7 8 8 8 8 8 8 7 7 7 7 8 9 9 7 8 7 7 6 7 8 8 8 8 7 9 7 7 
n=54000::8 8 8 8 7 7 8 7 7 8 7 7 6 7 8 7 8 9 7 7 8 8 8 7 7 7 7 8 9 8 7 7 9 8 8 7 7 8 8 7 7 7 8 7 7 7 8 8 7 7 
n=55000::9 8 7 7 7 7 7 7 7 7 7 7 8 7 8 8 6 7 7 8 7 8 7 7 7 8 7 7 7 7 7 8 7 7 8 7 7 7 7 7 7 8 8 7 8 8 8 8 7 8 
n=56000::8 7 7 8 8 7 7 8 7 7 8 8 7 7 8 8 8 7 8 8 7 7 8 7 7 7 7 7 8 7 8 7 7 8 7 8 7 7 8 8 7 7 8 8 9 7 7 8 7 7 
n=57000::7 7 7 8 7 7 9 9 7 7 8 7 7 7 7 7 8 7 7 8 7 9 7 8 7 8 7 8 7 7 7 8 7 7 7 7 7 7 8 8 7 7 7 8 7 8 7 7 8 8 
n=58000::7 8 7 7 8 8 8 7 7 7 8 7 8 7 7 7 7 7 7 7 8 7 8 7 8 7 8 8 7 7 7 7 8 8 7 7 7 7 7 7 8 7 7 8 7 8 9 8 8 7 
n=59000::7 8 7 7 8 7 8 7 7 7 8 8 7 8 8 7 7 7 8 7 7 8 9 7 8 7 7 7 7 7 8 7 8 8 7 8 7 7 7 8 8 7 7 8 9 7 9 7 7 7 
n=60000::7 8 8 10 7 7 7 8 10 7 7 8 8 9 8 7 8 7 7 8 7 7 7 8 7 7 9 7 7 8 8 8 7 7 7 8 8 7 9 7 7 8 7 8 7 8 7 8 8 7 
n=61000::10 8 8 7 7 8 7 9 7 7 8 7 7 9 8 8 8 7 8 7 7 7 8 7 7 7 7 8 8 7 7 7 8 7 8 8 8 9 8 7 9 7 9 8 7 7 7 7 9 7 
n=62000::7 9 8 7 8 10 8 9 8 7 7 8 7 8 8 8 8 8 8 7 7 7 8 7 7 7 7 8 7 8 8 7 7 8 7 8 7 8 7 7 8 7 8 7 8 8 8 8 7 7 
n=63000::8 7 7 8 7 7 7 7 7 7 7 8 8 9 7 7 7 7 7 8 8 7 8 9 7 8 8 8 8 8 7 8 7 8 8 8 7 9 7 7 8 8 7 7 8 8 8 7 8 7 
n=64000::8 7 7 7 8 8 8 7 7 7 8 8 8 8 7 8 7 8 9 8 7 7 7 8 7 8 8 7 10 8 7 8 7 8 7 9 7 8 7 8 8 7 8 7 8 7 7 8 7 7 
n=65000::10 8 7 8 6 7 8 8 7 8 8 8 7 7 8 8 7 6 8 7 8 7 8 8 9 8 8 7 7 8 8 8 9 8 8 7 8 7 8 8 7 7 9 7 8 7 9 8 7 7 
n=66000::7 8 8 7 8 7 8 7 8 7 8 8 7 7 7 7 8 8 8 8 7 8 8 8 8 8 7 6 7 7 8 8 7 8 7 7 8 7 7 7 7 7 7 8 7 7 8 7 8 9 
n=67000::7 7 7 7 7 8 7 7 8 7 8 7 8 8 8 10 8 8 8 8 7 7 7 8 8 8 8 8 8 7 7 9 7 7 7 7 8 7 7 7 8 9 7 8 7 8 8 7 7 8 
n=68000::8 7 7 7 7 7 8 8 8 9 7 7 7 8 7 8 7 7 7 7 8 7 7 7 7 8 8 7 9 8 7 7 8 9 7 8 9 7 9 7 7 7 7 7 8 8 8 7 7 7 
n=69000::7 8 7 7 7 7 8 8 7 8 8 7 7 8 8 8 7 8 8 7 8 7 8 7 7 8 7 8 8 8 8 7 9 9 7 8 7 8 7 8 9 8 8 8 9 7 8 8 7 7 
n=70000::8 7 7 7 9 9 8 8 8 8 7 7 8 9 8 7 8 8 8 7 8 8 7 7 7 7 7 8 8 8 8 8 7 7 8 7 6 8 7 7 7 8 7 8 8 8 8 7 8 8 
n=71000::7 7 7 7 8 7 8 7 7 9 8 8 7 8 7 7 7 8 7 8 8 8 7 8 8 7 8 8 7 7 8 8 9 7 7 7 7 7 7 7 7 7 7 8 8 8 8 8 8 7 
n=72000::7 8 7 9 7 8 8 7 8 8 7 8 7 8 8 8 8 8 7 7 8 7 7 7 8 8 8 7 7 9 7 8 7 8 8 9 8 9 7 7 8 8 8 7 7 8 8 7 7 7 
n=73000::7 7 8 8 7 8 8 8 8 7 9 7 8 7 7 9 8 8 8 7 7 7 9 8 7 7 8 7 8 7 7 8 8 7 7 7 8 8 7 7 7 7 8 8 8 8 8 7 7 7 
n=74000::8 8 8 7 7 7 8 8 9 8 7 7 7 7 8 7 8 7 8 8 7 7 8 8 9 9 9 7 7 7 7 7 7 7 8 8 8 7 7 7 8 7 8 8 8 9 7 7 7 8 
n=75000::7 7 9 8 8 8 7 7 7 7 7 7 9 8 9 7 8 7 7 7 8 8 7 7 7 7 8 9 8 7 7 8 8 8 9 7 8 8 7 8 8 8 7 7 7 7 10 8 8 8 
n=76000::7 7 7 9 7 7 8 7 7 8 7 9 8 9 7 8 8 7 9 8 9 8 8 8 8 7 8 7 8 7 7 7 7 8 7 8 8 8 7 7 8 7 8 8 7 8 8 7 8 7 
n=77000::7 8 7 9 7 8 9 8 7 7 8 9 7 8 7 8 7 8 7 8 7 7 7 8 8 7 9 8 7 8 7 9 9 7 8 8 8 8 8 8 8 8 8 9 7 9 7 7 7 8 
n=78000::8 9 8 7 7 7 8 8 8 7 8 7 8 8 8 7 7 8 7 7 8 8 8 8 8 8 8 8 8 7 8 8 8 8 9 8 7 8 8 7 8 8 8 10 8 8 7 8 8 8 
n=79000::7 8 8 8 7 7 7 7 8 7 8 8 8 8 8 7 7 8 8 9 7 8 7 8 8 8 8 8 7 8 7 7 7 7 7 8 7 8 8 7 8 8 8 8 8 7 7 8 7 8 
n=80000::7 7 7 8 7 8 7 7 7 7 9 11 7 8 7 8 8 8 8 7 8 8 7 7 7 7 7 8 7 8 8 9 8 7 9 8 8 7 7 9 7 7 8 8 8 8 7 7 8 8 
n=81000::7 7 8 7 7 7 7 8 7 8 9 8 8 8 8 7 7 8 7 8 8 8 7 8 7 8 7 7 7 8 8 7 7 8 8 8 7 7 10 7 7 8 8 7 7 7 8 7 7 8 
n=82000::8 8 7 7 8 7 9 8 7 8 7 8 9 8 9 7 8 9 8 8 8 7 7 7 9 7 8 8 7 7 7 7 8 8 8 8 8 8 7 8 7 9 7 7 7 8 8 7 8 8 
n=83000::8 8 8 8 9 8 7 8 8 8 8 8 7 8 7 8 7 7 7 7 8 7 7 8 8 8 7 8 7 9 8 7 7 7 7 7 7 8 7 8 7 8 7 7 8 8 7 7 7 7 
n=84000::8 7 8 8 8 8 7 9 7 8 8 7 7 7 8 8 7 8 7 7 7 8 7 8 7 8 8 7 7 8 7 8 7 8 7 8 8 8 8 8 8 7 8 7 9 7 8 7 7 7 
n=85000::8 8 8 8 7 7 11 9 7 8 8 7 8 8 7 9 7 7 8 8 8 9 8 8 7 8 8 7 8 8 8 8 9 8 8 8 7 7 8 7 8 8 8 7 8 8 9 7 7 8 
n=86000::8 8 7 7 7 8 8 8 7 8 7 7 7 9 8 7 8 9 8 8 8 9 8 7 7 8 7 7 8 9 8 8 7 8 7 7 7 7 8 8 8 8 9 8 7 8 8 9 7 8 
n=87000::8 8 8 7 8 7 8 8 8 8 9 7 8 7 7 8 8 7 8 7 8 7 8 8 7 8 8 8 8 8 8 7 8 7 7 7 7 8 7 8 7 7 8 7 8 9 7 8 7 7 
n=88000::8 7 8 8 7 8 8 8 8 7 7 8 7 7 8 8 8 7 8 8 7 8 9 8 8 7 8 7 7 8 7 7 8 7 7 7 8 7 7 7 9 8 8 7 7 7 8 7 7 8 
n=89000::7 9 7 7 8 7 8 8 8 8 7 8 9 8 7 9 8 7 8 8 8 7 9 8 8 8 8 8 8 8 7 7 7 7 8 8 7 7 7 8 8 7 8 8 8 7 8 7 8 9 
n=90000::9 8 7 10 8 7 7 7 8 7 8 8 8 8 7 9 7 8 8 8 7 8 8 8 7 7 7 7 8 8 8 8 7 8 6 7 7 8 8 8 8 8 8 8 7 8 7 8 10 8 
n=91000::7 9 7 8 8 7 9 8 7 7 8 8 9 7 8 8 8 8 8 7 8 7 8 8 7 7 7 7 9 7 8 9 8 8 7 9 7 8 8 7 8 7 9 8 8 7 8 7 7 8 
n=92000::7 8 8 8 8 9 7 7 7 9 7 7 8 8 7 8 8 8 7 8 8 7 9 7 8 9 7 7 8 7 7 10 8 8 8 8 7 7 8 8 8 7 8 8 8 10 8 8 8 8 
n=93000::8 8 7 7 8 8 8 7 8 8 8 7 7 8 10 8 8 8 8 7 8 9 8 8 8 8 7 7 8 9 8 8 7 8 7 8 7 7 8 7 8 9 8 9 7 7 8 8 7 9 
n=94000::7 7 7 8 8 8 8 7 7 8 7 7 8 7 9 7 8 8 7 9 8 7 8 7 8 7 7 7 7 7 8 8 9 8 7 9 8 7 8 7 8 7 8 7 8 8 7 7 7 8 
n=95000::7 7 8 7 7 8 7 8 8 8 9 8 7 8 7 8 7 9 9 8 7 7 8 8 9 7 9 8 8 9 8 8 9 7 8 7 7 9 8 9 8 7 7 8 9 7 7 7 8 8 
n=96000::8 8 7 7 8 8 7 8 8 7 7 8 8 8 7 9 7 7 7 8 8 7 8 7 8 7 8 7 7 8 8 7 8 8 8 8 7 7 8 9 7 8 8 9 7 7 8 7 7 8 
n=97000::7 7 8 7 7 7 9 8 7 7 7 7 9 7 8 7 8 8 7 7 7 7 8 7 8 7 7 8 7 8 8 8 7 7 8 8 9 8 8 8 9 7 7 7 8 8 7 7 8 8 
n=98000::9 8 7 7 7 8 8 8 7 8 8 8 7 8 7 8 9 8 7 10 8 8 9 8 8 8 7 7 8 7 8 7 8 8 8 8 8 7 8 8 8 8 8 8 8 7 8 7 8 7 
n=99000::7 8 7 8 8 8 7 8 8 8 7 9 7 8 7 9 8 7 9 8 7 7 9 10 8 8 7 7 8 8 7 8 8 8 7 7 9 7 7 7 7 8 8 8 8 7 8 9 7 9 
n=100000::7 8 9 8 9 8 9 8 8 8 7 9 8 7 8 8 8 7 8 8 7 7 8 8 8 8 9 8 8 7 7 8 8 8 7 8 7 7 9 7 8 9 9 7 8 8 7 7 8 7 
