n=1000::365 367 360 358 358 373 370 368 371 369 378 385 366 352 372 368 378 367 360 367 360 386 374 386 362 362 356 365 351 379 373 365 365 361 368 366 345 371 379 386 382 349 351 375 373 373 341 353 359 365 
n=2000::721 745 748 750 733 715 744 766 693 733 742 710 718 732 730 728 733 754 753 730 750 723 732 740 724 748 736 749 739 744 741 761 745 723 747 725 729 736 714 724 725 703 742 753 735 728 728 718 748 728 
n=3000::1084 1148 1107 1116 1127 1098 1088 1115 1115 1078 1088 1099 1086 1122 1083 1090 1088 1116 1121 1098 1068 1113 1145 1086 1080 1111 1106 1083 1089 1107 1140 1080 1087 1100 1077 1102 1119 1090 1084 1102 1141 1089 1107 1123 1102 1067 1108 1088 1067 1087 
n=4000::1447 1446 1476 1443 1485 1478 1484 1463 1474 1474 1484 1452 1458 1484 1475 1464 1491 1427 1465 1490 1445 1456 1493 1453 1508 1453 1487 1463 1467 1446 1473 1431 1452 1505 1481 1482 1467 1470 1489 1468 1474 1469 1484 1465 1467 1476 1447 1448 1471 1458 
n=5000::1846 1870 1872 1834 1866 1817 1840 1826 1829 1868 1847 1855 1813 1833 1854 1875 1825 1867 1807 1890 1863 1858 1814 1845 1841 1811 1861 1824 1846 1848 1822 1835 1853 1812 1844 1862 1843 1870 1891 1868 1871 1872 1803 1865 1820 1805 1876 1849 1808 1826 
n=6000::2214 2200 2195 2186 2215 2175 2198 2210 2211 2224 2204 2265 2227 2215 2148 2222 2197 2204 2182 2196 2221 2199 2203 2195 2251 2186 2245 2178 2189 2212 2242 2190 2244 2184 2215 2184 2205 2202 2181 2159 2204 2234 2189 2242 2198 2242 2202 2214 2190 2189 
n=7000::2582 2564 2561 2589 2597 2536 2565 2557 2540 2569 2581 2574 2598 2561 2559 2598 2557 2532 2598 2609 2595 2575 2573 2566 2578 2535 2583 2564 2589 2559 2601 2610 2555 2573 2556 2585 2598 2551 2617 2556 2551 2555 2549 2589 2600 2579 2610 2588 2628 2608 
n=8000::2897 2921 2945 2963 2946 2947 2945 2930 2916 2940 2964 2941 2927 2940 2925 2910 2958 2930 2971 2917 2923 2937 2952 2984 2965 2910 2899 2913 2972 2908 2957 2886 2930 2966 2913 2939 2904 2935 2932 2922 2908 2931 2961 2915 2986 2986 2903 2957 2964 2996 
n=9000::3333 3338 3265 3210 3349 3334 3333 3345 3309 3360 3246 3278 3301 3261 3357 3330 3275 3303 3293 3307 3309 3365 3398 3303 3305 3317 3295 3315 3286 3309 3270 3332 3346 3296 3315 3327 3285 3300 3373 3300 3347 3310 3295 3355 3323 3341 3283 3352 3295 3279 
n=10000::3647 3663 3662 3686 3741 3668 3686 3677 3712 3655 3714 3674 3690 3681 3719 3668 3663 3662 3724 3662 3643 3686 3664 3725 3705 3638 3664 3657 3728 3684 3641 3680 3718 3643 3686 3698 3746 3632 3693 3651 3707 3621 3664 3660 3658 3677 3670 3637 3686 3720 
n=11000::4057 4063 4046 4060 4080 4048 4029 4011 4094 4078 4010 4055 4056 4002 4104 4057 4043 4059 4025 4053 4089 4061 4064 4071 4010 4041 3997 4026 4036 4072 4037 4082 4076 4086 4047 4080 4067 4010 4079 4083 4058 4030 4025 4028 4054 4078 4112 4006 4032 4060 
n=12000::4443 4383 4450 4446 4424 4401 4419 4392 4382 4436 4443 4418 4397 4451 4461 4468 4505 4339 4390 4428 4464 4445 4419 4473 4417 4446 4426 4441 4389 4445 4353 4341 4401 4379 4365 4430 4426 4395 4353 4373 4409 4431 4434 4381 4437 4440 4433 4454 4390 4425 
n=13000::4724 4705 4770 4704 4803 4757 4827 4770 4779 4806 4814 4779 4701 4707 4887 4763 4803 4738 4839 4784 4769 4823 4813 4770 4754 4816 4833 4818 4794 4767 4829 4796 4875 4731 4784 4819 4821 4785 4777 4808 4762 4792 4757 4826 4797 4765 4732 4806 4766 4865 
n=14000::5163 5161 5185 5194 5132 5105 5162 5111 5178 5165 5095 5170 5157 5077 5099 5115 5177 5149 5178 5134 5192 5148 5210 5162 5145 5097 5178 5177 5168 5147 5109 5177 5189 5095 5140 5122 5169 5135 5167 5079 5195 5154 5187 5077 5169 5102 5141 5223 5186 5123 
n=15000::5561 5574 5481 5495 5448 5550 5476 5521 5463 5543 5576 5539 5568 5528 5542 5527 5526 5505 5557 5518 5529 5455 5505 5533 5539 5458 5551 5580 5579 5527 5493 5517 5471 5504 5501 5512 5491 5545 5488 5524 5552 5526 5543 5488 5549 5543 5491 5506 5475 5566 
n=16000::5918 5904 5827 5885 5868 5852 5800 5861 5858 6000 5890 5856 5947 5913 5899 5895 5857 5848 5862 5923 5957 5864 5895 5898 5896 5851 5916 5853 5847 5888 5872 5843 5943 5904 5951 5896 5846 5844 5926 5910 5879 5899 5838 5833 5841 5913 5874 5866 5811 5892 
n=17000::6183 6252 6280 6241 6244 6265 6237 6248 6256 6215 6289 6272 6296 6252 6265 6265 6255 6295 6283 6274 6210 6323 6222 6277 6230 6258 6203 6293 6255 6307 6185 6188 6267 6253 6204 6259 6295 6272 6224 6227 6230 6271 6264 6147 6226 6244 6262 6226 6233 6303 
n=18000::6576 6626 6662 6689 6578 6572 6622 6581 6692 6589 6626 6634 6611 6704 6572 6592 6549 6617 6582 6690 6570 6608 6557 6676 6675 6667 6600 6610 6562 6578 6638 6594 6639 6551 6705 6637 6597 6625 6523 6667 6596 6632 6596 6606 6613 6617 6577 6606 6486 6655 
n=19000::6956 7068 7008 7015 7031 6986 6906 6982 7062 6982 6987 7064 6931 6939 6999 6948 6972 6999 7026 6935 6976 7010 6972 7095 6947 6940 6965 7070 6981 7004 6940 6994 7077 6922 6997 6990 6937 6974 7020 6985 7023 7002 6982 7058 7008 7036 6998 6992 7010 7021 
n=20000::7395 7362 7333 7372 7289 7344 7321 7338 7306 7327 7365 7365 7313 7330 7315 7412 7355 7367 7391 7394 7281 7395 7348 7427 7320 7361 7316 7391 7370 7354 7396 7375 7368 7341 7309 7374 7344 7423 7358 7366 7269 7335 7373 7372 7339 7319 7341 7322 7279 7396 
n=21000::7694 7744 7724 7696 7738 7719 7702 7743 7769 7815 7732 7705 7726 7659 7753 7717 7756 7759 7670 7740 7735 7750 7736 7758 7693 7727 7801 7728 7763 7779 7710 7714 7675 7726 7783 7705 7761 7626 7765 7804 7668 7694 7695 7773 7755 7734 7771 7783 7657 7706 
n=22000::8062 8124 8158 8083 8107 8086 8045 8095 8119 8062 8146 8017 8085 8127 8036 8099 8120 8165 8102 8105 8115 8114 8106 8077 8045 8217 8122 8031 8102 8023 7982 8091 8152 8171 8090 8073 8135 8081 8020 8089 8143 8129 8100 8046 8115 8052 8050 8098 8114 8126 
n=23000::8465 8360 8464 8490 8411 8494 8457 8417 8469 8503 8433 8366 8445 8407 8557 8464 8395 8428 8436 8551 8465 8495 8512 8466 8450 8501 8488 8468 8453 8528 8400 8429 8473 8464 8449 8413 8431 8421 8515 8506 8531 8465 8449 8476 8478 8441 8475 8521 8434 8481 
n=24000::8827 8904 8734 8852 8809 8801 8839 8828 8740 8861 8816 8855 8777 8849 8799 8869 8772 8784 8817 8775 8841 8792 8863 8782 8817 8818 8835 8870 8793 8835 8908 8887 8785 8819 8774 8836 8875 8831 8767 8829 8833 8778 8797 8921 8857 8930 8814 8853 8810 8778 
n=25000::9140 9202 9094 9187 9092 9113 9178 9159 9199 9186 9267 9212 9241 9209 9135 9217 9188 9217 9309 9176 9181 9199 9142 9192 9211 9147 9184 9252 9165 9213 9230 9183 9251 9243 9217 9258 9141 9237 9180 9235 9265 9223 9232 9180 9102 9246 9273 9223 9249 9095 
n=26000::9588 9523 9525 9452 9497 9581 9523 9603 9569 9573 9586 9538 9556 9597 9549 9530 9496 9560 9469 9588 9563 9606 9551 9548 9493 9568 9594 9564 9569 9547 9539 9576 9548 9606 9623 9495 9590 9580 9511 9538 9574 9540 9572 9640 9507 9526 9546 9623 9678 9509 
n=27000::9975 9941 9960 9989 9931 9857 9910 9947 9909 9952 9933 9952 9934 9860 9887 9950 9830 9979 9888 9934 9921 9871 9878 9929 9877 9976 9933 9904 10041 9888 9949 9848 9897 9907 9970 9945 9912 9826 9953 9934 9924 9918 9947 9927 9983 9917 9949 9933 9798 9951 
n=28000::10359 10340 10254 10198 10228 10323 10307 10308 10360 10404 10239 10311 10292 10344 10273 10291 10186 10297 10397 10218 10300 10406 10367 10339 10290 10307 10397 10329 10439 10349 10194 10280 10211 10377 10362 10267 10300 10430 10320 10284 10226 10279 10310 10312 10233 10222 10244 10288 10313 10253 
n=29000::10672 10685 10685 10658 10643 10808 10755 10597 10604 10603 10713 10621 10665 10673 10713 10721 10734 10635 10743 10664 10674 10712 10746 10687 10644 10750 10684 10655 10741 10624 10599 10687 10602 10656 10558 10720 10678 10733 10739 10690 10694 10651 10685 10668 10586 10651 10651 10635 10664 10595 
n=30000::11028 11102 11041 11037 11033 10969 11015 11082 10969 11059 11057 10946 10994 11040 11073 10921 11040 11025 10961 10936 11005 11026 11041 11115 10942 11096 11117 11072 10904 11127 10979 10957 10942 11024 10978 10985 10995 11019 11026 11023 11111 11049 11041 11020 11128 11045 11042 10964 10916 10993 
n=31000::11283 11399 11475 11406 11436 11471 11463 11456 11497 11401 11413 11365 11420 11416 11479 11422 11438 11380 11466 11384 11444 11487 11339 11383 11373 11292 11330 11413 11326 11375 11417 11464 11375 11360 11374 11494 11425 11478 11484 11439 11370 11329 11393 11396 11440 11425 11490 11329 11337 11390 
n=32000::11776 11798 11702 11742 11727 11789 11803 11803 11746 11706 11720 11832 11772 11690 11754 11691 11723 11813 11849 11823 11785 11815 11734 11875 11673 11789 11748 11795 11838 11763 11730 11671 11719 11625 11803 11797 11720 11712 11655 11760 11789 11704 11779 11816 11806 11917 11793 11837 11871 11810 
n=33000::12100 12186 12130 12165 12224 12081 12136 12264 12151 12230 12228 12141 12021 12142 12092 12069 12152 12130 12129 12204 12074 12182 12129 12160 12056 12120 12208 12091 12196 12116 12210 12102 12117 12148 12123 12086 12024 12068 12103 12059 12342 12214 12105 12240 12183 12094 12089 12094 12158 12174 
n=34000::12528 12542 12498 12493 12494 12548 12516 12510 12575 12497 12556 12498 12426 12464 12572 12496 12528 12461 12515 12473 12525 12475 12519 12517 12473 12566 12546 12517 12381 12633 12514 12439 12631 12382 12463 12445 12528 12511 12558 12487 12509 12572 12531 12548 12518 12522 12528 12475 12412 12524 
n=35000::12848 12866 12836 12963 12902 13011 12917 12809 12905 12810 12776 12887 12961 12946 12821 12896 12825 12868 12988 12906 12741 12922 12861 12915 12792 12868 12924 12868 12787 12820 12824 12875 13003 12905 12851 12850 12910 12936 12928 12939 12924 12699 12833 12926 12837 12872 12909 12835 12921 12936 
n=36000::13227 13162 13204 13213 13280 13134 13145 13240 13186 13181 13268 13117 13238 13222 13178 13235 13248 13197 13311 13369 13215 13221 13290 13249 13260 13247 13350 13335 13201 13213 13210 13201 13211 13276 13166 13309 13259 13246 13338 13130 13273 13125 13220 13193 13229 13247 13316 13171 13217 13265 
n=37000::13599 13499 13615 13596 13614 13631 13608 13678 13622 13693 13647 13650 13612 13549 13656 13609 13584 13620 13500 13657 13700 13507 13648 13711 13546 13584 13550 13666 13590 13564 13572 13710 13752 13523 13567 13654 13665 13656 13625 13507 13647 13643 13648 13675 13555 13574 13565 13696 13635 13529 
n=38000::13999 13962 14131 13988 13929 13858 13988 13969 14028 14100 13944 14040 13973 13938 14053 13973 13867 13932 13945 14087 13959 13902 13908 13983 13901 13968 13970 14012 14021 13945 14010 14066 13936 14014 13955 14016 13971 13985 14053 14066 14022 14029 13971 13909 13887 14026 14102 14008 13974 13923 
n=39000::14358 14301 14406 14427 14328 14305 14218 14394 14319 14508 14345 14208 14370 14360 14224 14364 14336 14361 14396 14330 14265 14317 14297 14414 14280 14340 14407 14376 14357 14281 14332 14302 14283 14396 14380 14366 14408 14259 14301 14336 14320 14310 14269 14358 14259 14332 14366 14384 14316 14416 
n=40000::14653 14857 14758 14590 14753 14716 14728 14648 14596 14809 14693 14727 14716 14709 14636 14675 14628 14678 14677 14776 14631 14611 14619 14615 14692 14887 14717 14621 14631 14653 14689 14709 14858 14634 14669 14698 14490 14719 14769 14810 14694 14734 14652 14774 14770 14643 14683 14695 14704 14701 
n=41000::15006 15084 15028 15067 15153 15036 15060 15212 15071 15110 14983 15107 15063 15186 15213 15094 14971 15213 15128 15046 15116 15040 15064 15113 15067 14978 15048 15149 15122 15071 15190 15022 15034 14986 15184 15264 15154 15069 15066 15066 15161 15083 15090 14971 15050 15049 15105 15046 15052 15043 
n=42000::15536 15502 15534 15374 15486 15448 15541 15531 15422 15343 15450 15328 15549 15384 15456 15455 15448 15392 15489 15487 15477 15508 15451 15457 15321 15422 15491 15415 15449 15419 15445 15427 15369 15414 15448 15441 15453 15449 15362 15474 15341 15382 15514 15482 15321 15468 15350 15472 15324 15411 
n=43000::15893 15911 15726 15769 15740 15925 15809 15777 15796 15720 15804 15793 15808 15935 15822 15785 15882 15754 15833 15753 15908 15920 15862 15801 15889 15820 15840 15835 15847 15770 15756 15860 15844 15762 15855 15773 15820 15824 15873 15887 15821 15792 15942 15716 15793 15932 15883 15775 15815 15837 
n=44000::16213 16013 16285 16133 16137 16231 16175 16265 16140 16206 16236 16321 16163 16196 16194 16110 16184 16185 16211 16162 16240 16290 16176 16207 16092 16183 16197 16177 16152 16120 16163 16253 16138 16292 16202 16255 16166 16193 16305 16168 16112 16126 16258 16250 16165 16206 16192 16167 16195 16062 
n=45000::16515 16574 16604 16622 16616 16642 16561 16576 16632 16445 16641 16718 16458 16530 16628 16588 16584 16568 16590 16529 16493 16539 16642 16570 16590 16561 16541 16484 16417 16517 16695 16559 16667 16541 16449 16468 16516 16616 16693 16485 16527 16695 16527 16597 16549 16624 16463 16442 16483 16549 
n=46000::16921 16865 16945 16962 16840 17008 16854 16966 16927 16945 16899 16935 16924 16863 16923 16997 16903 16811 16955 16903 16865 17058 16906 16931 16931 16844 16847 16848 16896 16975 16910 16961 16994 16875 17017 16899 16976 17039 16859 16995 16952 16948 16800 16891 17020 16989 16896 16910 16916 16923 
n=47000::17209 17181 17223 17217 17440 17270 17310 17290 17261 17234 17304 17308 17322 17215 17254 17340 17314 17241 17185 17287 17214 17281 17240 17335 17353 17351 17339 17219 17204 17341 17207 17357 17279 17414 17260 17211 17345 17284 17234 17337 17242 17295 17361 17281 17259 17331 17354 17140 17324 17261 
n=48000::17800 17654 17624 17609 17615 17506 17636 17651 17650 17659 17710 17571 17603 17632 17737 17629 17687 17669 17669 17741 17661 17596 17714 17624 17576 17673 17753 17546 17680 17692 17673 17640 17710 17735 17707 17544 17628 17688 17623 17695 17733 17559 17684 17773 17574 17653 17774 17670 17676 17655 
n=49000::18056 18079 18011 17884 17959 18049 18152 17999 18016 17958 18033 17957 18092 18037 18057 18078 17962 18015 18017 17929 18068 17915 18012 17899 18026 17971 17933 18071 18059 18085 18099 17916 18048 18185 18194 17966 18087 17986 18079 17999 17954 18110 18042 18019 18162 17947 17973 18045 17938 18192 
n=50000::18363 18285 18499 18448 18374 18463 18355 18348 18334 18411 18461 18338 18391 18440 18378 18354 18335 18542 18382 18376 18453 18348 18351 18430 18422 18475 18251 18390 18415 18418 18375 18318 18466 18360 18343 18398 18280 18384 18363 18416 18473 18329 18336 18341 18388 18469 18421 18439 18561 18376 
n=51000::18821 18844 18855 18767 18875 18825 18714 18836 18724 18806 18769 18847 18848 18944 18579 18767 18864 18783 18736 18719 18785 18565 18808 18831 18739 18766 18670 18831 18749 18809 18879 18724 18842 18868 18681 18809 18757 18692 18825 18662 18830 18593 18772 18761 18806 18783 18737 18738 18727 18887 
n=52000::19154 19170 19147 19032 19152 19246 19167 19106 19163 19162 19226 19199 19013 18937 19174 19098 19131 19053 19113 18981 19184 19243 19127 19133 19084 19287 19181 19123 19056 19021 19130 19112 19016 19267 19226 19105 19180 19047 19132 19184 19101 19077 19093 19158 19130 19013 19111 19200 19117 19297 
n=53000::19525 19363 19577 19446 19493 19658 19472 19424 19550 19610 19333 19546 19503 19620 19496 19566 19537 19554 19541 19602 19529 19436 19569 19426 19534 19587 19594 19521 19492 19475 19419 19421 19525 19555 19446 19499 19499 19514 19396 19459 19465 19536 19508 19588 19486 19660 19582 19314 19399 19421 
n=54000::19925 19820 19864 19967 19955 19990 19770 19933 19859 19898 19767 19979 19876 19820 19750 19943 19785 20036 19900 19785 19944 19766 19878 19735 19852 19901 19824 19914 19896 19923 19937 19908 19831 19795 19948 19848 19942 19792 19805 19890 19789 19870 19778 19903 20066 19888 19900 19927 19892 19807 
n=55000::20241 20196 20255 20265 20185 20212 20389 20199 20291 20333 20283 20362 20205 20248 20224 20225 20321 20242 20118 20248 20328 20279 20299 20262 20322 20193 20137 20267 20315 20269 20187 20294 20249 20191 20181 20177 20192 20242 20126 20303 20166 20277 20276 20207 20220 20257 20283 20172 20269 20260 
n=56000::20629 20616 20655 20629 20551 20672 20600 20550 20657 20690 20736 20570 20536 20613 20595 20684 20813 20567 20665 20598 20620 20743 20693 20654 20593 20545 20624 20655 20526 20585 20601 20635 20415 20558 20585 20523 20637 20567 20626 20539 20517 20553 20715 20567 20626 20474 20392 20671 20636 20717 
n=57000::21065 21064 20993 20976 20930 21051 20982 20825 21172 20974 20934 20885 20881 21014 20882 21028 20996 20905 20985 20953 21108 21046 20821 20883 20934 20964 21087 21016 20946 20901 20833 21000 20900 21012 20859 20984 20856 20963 20979 20860 21042 20991 20906 20867 20959 20909 20935 20842 20903 20966 
n=58000::21427 21374 21299 21407 21272 21230 21309 21218 21247 21314 21423 21326 21301 21254 21235 21385 21219 21379 21305 21302 21364 21403 21347 21327 21324 21292 21324 21309 21295 21234 21287 21309 21161 21434 21296 21362 21295 21416 21461 21418 21448 21330 21361 21261 21363 21496 21401 21237 21438 21309 
n=59000::21737 21700 21738 21732 21667 21758 21729 21744 21706 21733 21595 21677 21692 21727 21738 21770 21792 21689 21600 21790 21768 21729 21628 21591 21748 21832 21732 21717 21701 21716 21638 21692 21704 21672 21752 21729 21682 21763 21648 21711 21809 21845 21711 21606 21659 21743 21791 21776 21708 21678 
n=60000::22162 22015 21886 21970 22130 22080 22004 22155 22041 22178 22049 22039 22042 22057 22074 22029 22117 22101 22092 22025 22141 22098 22005 22068 22197 22211 21980 22137 22005 22197 22092 22264 21990 22031 22018 22019 22014 22082 22047 22222 22082 22051 21945 22165 22051 21956 21990 22163 22039 22148 
n=61000::22500 22460 22372 22412 22320 22339 22545 22522 22463 22403 22478 22410 22514 22369 22447 22560 22458 22466 22284 22474 22447 22432 22325 22425 22442 22522 22481 22392 22447 22364 22454 22333 22409 22517 22481 22396 22401 22401 22348 22422 22562 22406 22323 22282 22415 22522 22466 22480 22415 22456 
n=62000::22713 22836 22889 22829 22731 22845 22805 22842 22768 22871 22812 22792 22737 22804 22795 22837 22689 22747 22785 22890 22839 22746 22808 22968 22749 22882 22839 22806 22890 22841 22766 22804 22754 22775 22941 22807 22833 22845 22754 22824 22759 22827 22764 22894 22836 22778 22718 22691 22917 22749 
n=63000::23338 23167 23110 23168 23276 23204 23226 23164 23305 23187 23196 23280 23091 23178 23135 23169 23123 23160 23157 23151 23211 23136 23238 23255 23195 23138 23129 23244 23176 23206 23082 23247 23159 23187 23234 23196 23282 23256 23235 23162 23251 23204 23199 23133 23270 23181 23202 23100 23134 23157 
n=64000::23656 23554 23522 23500 23672 23528 23548 23679 23676 23600 23523 23601 23552 23488 23554 23424 23445 23543 23653 23604 23566 23536 23387 23583 23494 23519 23488 23614 23519 23639 23653 23600 23518 23638 23456 23752 23663 23560 23522 23642 23650 23442 23550 23532 23468 23617 23529 23488 23485 23595 
n=65000::23957 23905 23891 23776 24019 23932 23960 24017 23713 23924 23981 23937 23849 23942 24058 23932 23970 23902 24084 23984 23946 23990 23888 23942 23976 23818 23802 23833 23971 23924 23870 23956 23911 23993 23919 23963 23961 23959 24056 23853 23794 23853 23771 23709 23898 23874 23764 23919 24038 23959 
n=66000::24275 24400 24407 24223 24281 24186 24404 24131 24292 24321 24332 24370 24361 24275 24292 24201 24280 24232 24352 24213 24413 24404 24291 24231 24461 24229 24275 24183 24460 24375 24250 24200 24391 24256 24373 24171 24295 24487 24228 24144 24198 24342 24346 24218 24227 24188 24144 24282 24211 24383 
n=67000::24640 24603 24740 24685 24616 24731 24738 24645 24683 24668 24862 24810 24597 24624 24746 24541 24631 24565 24651 24588 24609 24683 24669 24688 24503 24655 24640 24675 24710 24624 24682 24791 24870 24788 24619 24706 24666 24599 24542 24612 24651 24740 24679 24686 24741 24626 24663 24699 24678 24683 
n=68000::24980 25096 25038 24989 25136 24896 25019 25072 24916 24909 25002 25054 25078 24932 24979 24961 25014 24970 25035 25071 24903 25134 25220 25037 25204 24940 25034 24993 25060 25089 24921 24927 24908 24950 25064 25122 24983 25100 25019 25025 24978 25139 24882 24948 24975 25094 25110 25064 24979 25028 
n=69000::25356 25519 25488 25449 25429 25370 25419 25467 25445 25434 25388 25424 25494 25489 25389 25462 25361 25408 25351 25367 25497 25470 25291 25293 25387 25254 25395 25299 25281 25422 25417 25320 25300 25459 25396 25248 25547 25525 25328 25499 25202 25280 25533 25420 25262 25453 25483 25425 25470 25306 
n=70000::25832 25798 25767 25779 25757 25753 25897 25757 25760 25733 25673 25753 25758 25757 25778 25822 25685 25801 25768 25621 25791 25735 25809 25822 25642 25950 25692 25740 25719 25841 25678 25837 25715 25695 25821 25777 25759 25774 25830 25754 25774 25794 25799 25679 25678 25656 25797 25761 25763 25743 
n=71000::26097 26082 26072 26149 26048 26217 26182 26158 26126 26096 25992 26292 26172 26078 26077 26047 26248 26452 26102 26084 26338 26234 26218 26016 26029 26104 25992 26029 26157 26241 26110 26094 26011 26141 26246 26078 26112 25949 26147 25940 26017 26114 26211 26046 26140 26069 26051 26096 26286 26144 
n=72000::26391 26492 26479 26363 26492 26481 26393 26431 26600 26430 26637 26437 26442 26488 26459 26381 26510 26364 26579 26428 26438 26423 26559 26464 26368 26371 26521 26462 26506 26563 26614 26518 26502 26577 26394 26480 26388 26497 26480 26359 26418 26479 26462 26557 26483 26484 26407 26419 26463 26615 
n=73000::26786 26709 26962 26949 26810 26870 26826 26873 26867 26773 26971 26726 26801 26710 26887 26969 26862 26770 26924 26830 26922 26882 26854 26818 26937 26833 26676 26858 26751 26842 26747 26735 26956 26775 26784 26833 26703 26848 26837 26879 26864 26977 26816 26918 26844 26807 26827 26902 26864 26863 
n=74000::27065 27187 27323 27209 27241 27173 27350 27240 27376 27171 27220 27236 27185 27273 27257 27278 27186 27087 27272 27173 27222 27306 27358 27198 27222 27220 27334 27328 27229 27278 27305 27304 27268 27375 27211 27115 27300 27236 27140 27180 27224 27172 27173 27061 27180 27208 27145 27328 27175 27276 
n=75000::27503 27471 27454 27493 27542 27567 27616 27527 27567 27523 27581 27601 27714 27624 27538 27608 27598 27552 27536 27529 27489 27643 27566 27629 27541 27591 27400 27639 27566 27707 27581 27602 27584 27573 27556 27468 27456 27580 27567 27603 27658 27602 27652 27613 27538 27643 27547 27630 27589 27696 
n=76000::27977 27875 28039 27918 27912 27956 27953 27907 27946 27974 27938 27913 27878 27944 27941 27980 28048 27933 27939 27960 27985 28195 28013 28022 27903 28059 27906 27953 28078 27996 27992 27986 28089 27970 27814 27960 27930 27956 27789 27946 27839 28123 28019 27904 28044 27796 27927 28007 27945 27951 
n=77000::28446 28329 28083 28481 28522 28347 28295 28348 28393 28320 28352 28386 28255 28431 28251 28333 28404 28434 28361 28270 28342 28295 28469 28306 28296 28522 28224 28459 28361 28361 28369 28245 28403 28252 28348 28273 28254 28470 28322 28272 28372 28348 28358 28233 28382 28302 28275 28338 28289 28381 
n=78000::28759 28551 28593 28711 28869 28630 28684 28583 28761 28662 28716 28649 28811 28810 28777 28564 28631 28811 28673 28629 28899 28654 28615 28675 28740 28679 28697 28678 28722 28798 28651 28717 28716 28514 28677 28713 28657 28786 28711 28736 28754 28773 28584 28633 28836 28719 28727 28720 28733 28728 
n=79000::29007 29101 29048 29106 28993 29082 29000 29124 29086 28886 29135 29151 28943 28991 29034 29131 29188 29065 29081 29052 28933 29247 29038 28906 29143 29009 29023 29094 28970 29111 29068 28974 29036 29182 29017 29112 29059 28918 28793 29008 29101 28956 29121 29149 29026 28974 28931 28968 28946 28984 
n=80000::29355 29364 29465 29391 29322 29326 29314 29394 29390 29193 29388 29329 29527 29396 29392 29333 29447 29533 29433 29483 29357 29357 29227 29372 29376 29366 29321 29516 29562 29351 29480 29359 29523 29490 29398 29381 29424 29599 29592 29566 29529 29459 29365 29407 29477 29515 29372 29487 29306 29448 
n=81000::29778 29723 29762 29741 29717 29843 29676 29695 29781 29846 29675 29784 29883 29853 29764 29857 29726 29653 29811 29761 29800 29742 29840 29803 29972 29691 29755 29831 29878 29655 29998 29876 29757 29701 29777 29851 29823 29731 29829 29754 29709 29795 29943 29840 29791 29799 29831 29858 29746 29800 
n=82000::30078 30296 30261 30085 30134 30044 30335 30088 30286 30163 30190 30172 30248 30137 30135 30064 30201 30201 30063 30305 30007 30223 30343 30119 30055 30242 30141 30106 30225 30221 30107 30165 30104 30185 30270 30035 30223 29996 30122 30177 30096 30021 30182 30107 30170 30102 30271 30121 30133 30034 
n=83000::30446 30717 30603 30440 30596 30419 30606 30542 30554 30566 30430 30521 30354 30577 30697 30454 30598 30596 30592 30532 30653 30473 30620 30596 30725 30463 30667 30336 30618 30501 30408 30652 30381 30617 30521 30454 30480 30632 30555 30461 30635 30522 30498 30428 30501 30606 30508 30543 30450 30571 
n=84000::30825 30913 30892 30729 30884 30928 30895 30942 30812 30888 30893 30952 31122 30793 30934 30919 30788 30755 30878 30873 30752 30826 30882 30924 30869 31082 30986 30997 30837 30897 30968 30823 30864 30874 30903 30881 30889 30879 30831 30828 30968 30841 30805 30852 30992 31009 30757 30998 31064 31071 
n=85000::31202 31102 31116 31308 31287 31277 31244 31226 31305 31163 31287 31282 31202 31361 31289 31287 31400 31228 31280 31275 31208 31278 31202 31127 31349 31391 31245 31306 31334 31250 31098 31309 31226 31176 31251 31294 31289 31218 31285 31167 31198 31193 31191 31025 31266 31330 31270 31359 31271 31160 
n=86000::31593 31610 31748 31487 31695 31693 31747 31633 31565 31577 31627 31772 31568 31586 31774 31519 31574 31810 31477 31705 31690 31564 31719 31419 31694 31573 31627 31588 31534 31520 31611 31685 31394 31500 31582 31494 31576 31536 31634 31708 31708 31557 31684 31523 31529 31748 31583 31627 31614 31624 
n=87000::31934 31856 31849 32144 32049 32264 32090 32003 31882 32023 32137 31914 32114 31974 31850 31876 32037 32035 31938 31964 32041 32011 31928 32042 31927 32043 31857 32152 31896 32033 32059 31923 31918 32128 31959 31999 32003 31966 32026 31981 31970 32069 32097 32071 32039 31938 32039 31993 31987 31968 
n=88000::32347 32401 32420 32453 32277 32313 32531 32544 32409 32484 32363 32362 32268 32447 32282 32372 32543 32345 32398 32386 32536 32401 32396 32491 32525 32403 32537 32246 32363 32279 32357 32384 32272 32442 32356 32359 32320 32389 32273 32266 32404 32386 32262 32406 32343 32355 32436 32398 32330 32276 
n=89000::32706 32626 32618 32708 32646 32747 32707 32812 32676 32758 32661 32775 32755 32659 32733 32724 32648 32692 32865 32739 32713 32571 32974 32653 32666 32702 32663 32614 32587 32688 32852 32648 32733 32829 32778 32648 32822 32715 32682 32817 32665 32640 32744 32900 32909 32815 32749 32765 32715 32634 
n=90000::33185 33034 33047 33190 33098 33035 33070 33008 33125 33016 33084 33132 33114 33263 33293 33171 32922 33094 32910 33025 33129 33224 33133 32982 33071 33169 33138 33060 33154 33012 33283 33231 33101 33223 33137 33176 33066 32938 32975 33222 33136 33136 32972 32976 32912 33062 33032 33160 33049 33091 
n=91000::33536 33488 33584 33433 33395 33627 33351 33546 33621 33509 33512 33425 33379 33479 33442 33624 33626 33495 33492 33409 33504 33462 33624 33534 33376 33506 33341 33567 33267 33320 33449 33311 33361 33516 33405 33637 33471 33614 33440 33311 33302 33600 33440 33469 33318 33587 33443 33456 33564 33520 
n=92000::33911 33989 33944 33896 33808 33839 33902 33834 33997 33967 33970 33950 33868 33918 33756 33714 33886 33971 33763 33850 33882 33898 33871 33855 33828 33691 33877 33874 33713 33944 33743 33871 33818 33818 33959 33970 33893 33826 33809 33894 33864 34054 33941 33826 33770 33889 33812 33949 33815 33844 
n=93000::34188 34327 34130 34107 34020 34301 34313 34237 34200 34410 34189 34193 34128 33996 34358 34357 34320 34266 34234 34203 34249 34147 34294 34167 34341 34202 34122 34217 34127 34258 34278 34365 34170 34035 34252 34150 34255 34027 34128 34232 34075 34152 34147 34356 34200 34129 34136 34223 34281 34274 
n=94000::34435 34571 34621 34546 34668 34491 34571 34481 34548 34539 34600 34483 34728 34631 34489 34679 34590 34566 34747 34639 34532 34733 34627 34505 34639 34432 34689 34701 34676 34612 34717 34502 34717 34676 34744 34646 34603 34600 34617 34418 34540 34649 34570 34581 34582 34351 34590 34612 34681 34643 
n=95000::35020 34823 34899 34914 34938 35001 34857 34834 35116 35018 35016 34965 34853 35042 34876 34833 34809 34960 34916 34913 34925 35074 35054 34846 35081 34880 35196 34952 35003 34965 34908 35024 34826 34908 35051 34902 34900 34898 35007 35029 35020 35058 34964 34916 34963 34967 35076 34707 35003 35108 
n=96000::35380 35126 35246 35223 35327 35356 35220 35330 35186 35270 35413 35355 35495 35426 35247 35248 35440 35227 35280 35166 35494 35278 35412 35074 35275 35294 35449 35154 35315 35259 35416 35343 35215 35048 35286 35287 35248 35249 35403 35400 35544 35355 35191 35334 35216 35255 35349 35229 35234 35445 
n=97000::35907 35689 35660 35695 35514 35764 35736 35707 35669 35756 35804 35614 35711 35773 35640 35696 35731 35457 35683 35676 35585 35653 35437 35552 35671 35681 35799 35702 35731 35607 35560 35759 35754 35607 35576 35729 35734 35628 35736 35767 35879 35573 35594 35815 35613 35707 35655 35574 35481 35596 
n=98000::36100 36022 35970 36039 35942 35887 36261 36012 36151 36092 35888 35869 36210 36046 36107 35886 36201 36127 36047 36072 36036 36020 35970 36020 36186 36234 35945 36023 35905 36048 35913 36020 36012 36068 35984 35815 36045 36005 35970 35955 36140 36116 35928 36224 35981 35962 36085 36021 35904 36149 
n=99000::36462 36506 36492 36548 36348 36607 36455 36321 36393 36703 36389 36316 36445 36486 36418 36391 36649 36336 36362 36338 36454 36513 36401 36388 36353 36509 36558 36454 36469 36504 36336 36423 36294 36435 36592 36296 36329 36346 36320 36475 36479 36413 36525 36452 36557 36463 36502 36335 36400 36386 
n=100000::36802 36809 36652 36812 36670 36925 36826 36806 36633 36816 36674 36864 36769 36857 36777 36841 36707 36467 36657 36955 36842 36790 37075 36820 36857 36883 36661 36832 36898 36662 36917 36873 36727 36850 36709 36722 36837 36766 36812 36553 36894 36899 36533 36784 36860 36880 36830 36693 36831 36958 
